0,0
0,0
0,0
0,0
0,0
0,0
0.039781684878967556,-0.0
0.08034640916070201,-0.0018277825151333804
0.11993210190201893,-0.003237929825463448
0.16158756376110942,-0.004395032151825129
0.20107324389339312,-0.005365741196400986
0.24193961451480236,-0.00619338873525499
0.28403788315353257,-0.006944497071504907
0.32286090655916844,-0.007599422133312217
0.36468569550732377,-0.00819041931526332
0.40500776334014527,-0.008742319263247644
0.4459140146335865,-0.009246508334809667
0.48731420592451763,-0.009722346068724352
0.52678970159087,-0.010160843491867633
0.5689051353357257,-0.010577727859661268
0.6089103099383365,-0.010975165029388556
0.6490726041714925,-0.011343868896112275
0.6917000875625224,-0.011706684178835358
0.7319945863511814,-0.012053626723326216
0.7722661405053236,-0.012375860940391892
0.8124615200705259,-0.012683955857700324
0.8548822820543412,-0.012986440365983398
0.8947650553691234,-0.013274262862339459
0.9344260764254742,-0.013539374404989424
0.9761318151775934,-0.013796944814319367
1.0174955317107695,-0.014045183914687565
1.05847430833297,-0.014275517607796218
1.101268560147817,-0.014492292205608326
1.1413361134815592,-0.014687728097888098
1.1830926359990417,-0.014859592346220474
1.2221127013737774,-0.015006375423206375
1.2627036640474167,-0.01512520794804062
1.3005703010617273,-0.015214050717649252
1.341951302847257,-0.015270172413597294
1.386605608223992,-0.0152870969378609
1.4303361619428399,-0.015248876378926468
1.4731322496832815,-0.015146346357881368
1.5149909502066061,-0.014972126918350703
1.5540769348533319,-0.014725232832296209
1.594124699640709,-0.014393776813997894
1.6332719809053684,-0.013959286504348967
1.671546684424201,-0.013419061757369288
1.7089845145254052,-0.012764028835003272
1.7489226615144675,-0.01194622838238879
1.7912017350950427,-0.010893500441861326
1.8341250445617798,-0.009581373217151246
1.8746322497902448,-0.008060291724677038
1.9144611871608708,-0.0063611856205638695
1.9537580567217945,-0.004462030327910815
1.9926842990142424,-0.0023746634262848954
2.0314165960159762,-0.00011930510503610492
2.0314165960159762,1.5719000479663048
2.073538041884801,-0.1331657925833305
2.1167215810233793,-0.25839907320604727
2.159841720154776,-0.30546567758001597
2.2031258590396163,-0.32813452172659474
2.2463864487550653,-0.3427094477255803
2.290138066955215,-0.35863709411463884
2.3336238318340463,-0.3871312544028922
2.3768151177672294,-0.45063240312889463
2.419463046768576,-0.6091484177542912
2.460646909480928,-0.9869190695231274
2.5019275869879234,-1.2462871092456693
2.543649584221672,-1.2289742095351064
2.584998781142793,-1.2126456283061635
2.626819393224252,-1.1979999380101993
2.6686420008214142,-1.1868436857445641
2.7097055346603476,-1.1839948899514925
2.7526280024764347,-1.201906581684643
2.793059291525273,-1.2713995718532025
2.8335124998856296,-1.447944447752527
2.874776307004431,-1.5796341593179994
2.916857009265918,-1.5761719010659812
2.957695485314382,-1.57360913194241
2.999928962138677,-1.571493823817044
3.0417332316407415,-1.5696273113199666
3.0835896467233552,-1.5679533921023496
3.1250494293934983,-1.5664208644325155
3.1669166720583273,-1.5649976350079646
3.208904817688321,-1.5636650315707465
3.2507547468494717,-1.562433310670295
3.2922347735190614,-1.5613198982238485
3.3342669488825947,-1.5603379613158455
3.3766029811317653,-1.5595194714700915
3.4189959171241333,-1.5589308350973472
3.460168726220512,-1.5586616506088007
3.502014053782383,-1.5588205962150121
3.546145304669553,-1.55961353554551
3.588349566261125,-1.5613063480027545
3.6295185208853034,-1.5641522295519545
3.667949379616298,-1.5683946104421442
3.710294255535332,-1.5747810979885937
3.752290223540526,-1.5842467849068005
3.793538548257504,-1.5968919695676622
3.833226316852062,-1.6123316170860023
3.87526188096352,-1.696390360670159
3.9173463849823706,-1.761663273760589
3.960010851580581,-1.78056175077298
4.00188698520952,-1.7850486298633153
4.044781502175795,-1.7849216087642839
4.086402904813976,-1.7857992144378436
4.130329929410668,-1.793951175605106
4.1709231532893245,-1.8194877028650172
4.216000619901269,-1.8900647240524486
4.255664038591179,-2.0758856749607046
4.296785535170707,-2.5137926009196407
4.337116570542693,-2.8745293624005113
4.3785152832520815,-2.944824413026878
4.4188379612078945,-2.9825233845710146
4.459813216371633,-3.0072444563742993
4.5009815600412795,-3.025718304630826
4.542164348901064,-3.040471336769148
4.5826762551043485,-3.052843040176338
4.625067959323257,-3.063991067230372
4.66551741781505,-3.0743571854465666
4.707542884711531,-3.0843894634728253
4.749656754382198,-3.0947466686748877
4.788462160935526,-3.105078512045899
4.828822424517874,-3.1154280992180494
4.868646099500787,-3.1251961401786152
4.9083068069259514,-3.131762941157378
4.949144338417213,-3.135624864553469
4.989417010180419,-3.1385224860608174
5.030083840170043,-3.1407922619684294
5.070673145345631,-3.1426533278594384
5.112726299773163,-3.1442411924280638
5.152075857635586,-3.1455856307850105
5.1923576392341655,-3.1467371171621794
5.233447089855128,-3.147783737971668
5.2752245488282306,-3.1487413851602843
5.315445817720702,-3.149601839383318
5.356090100265868,-3.1503796094537746
5.3970670834334085,-3.151105164176072
5.438290444538079,-3.1517846104000755
5.479677851775893,-3.1524230348216804
5.518967252789803,-3.1530094234787365
5.560452913733652,-3.153563944725673
5.601883178092647,-3.154103567722446
5.643191471063599,-3.1546151830159213
5.684315210215889,-3.1551007774505386
5.723051157712188,-3.155550224369084
5.7636509793155986,-3.1559773825389916
5.8060131692464605,-3.1564046773634082
5.847937773557663,-3.1568192325755637
5.889375206538009,-3.1572099686856046
5.930280784857496,-3.1575768514512355
5.97061472764227,-3.157919502160314
6.012312048404937,-3.1582446628252283
6.051370464251834,-3.1585427608616987
6.089766192379401,-3.158805605496089
6.13493860870152,-3.159060112623756
6.177283368532855,-3.1592905309643537
6.22046799005185,-3.1594726918075082
6.262625069390442,-3.159604531792386
6.302065887920245,-3.159604531792386
6.342234489820358,-3.159604531792386
6.3814196930715275,-3.159604531792386
6.4196565445890075,-3.159604531792386
6.45545203351399,-3.159604531792386
6.49947925889772,-3.159604531792386
6.540920246065891,-3.2
6.582869222193599,-3.3
6.622580940710465,-3.4
6.663067528953631,-3.5
6.701724126541037,-3.6
6.740157718249726,-3.785093714178565
6.780353931675576,-3.785093714178565
6.820470304348734,-3.785093714178565
6.8607219536596125,-3.785093714178565
6.900591264394414,-3.785093714178565
6.941130519316205,-3.785093714178565
6.981779123584078,-3.785093714178565
7.022075958947951,-3.785093714178565
7.062690034887555,-3.785093714178565
7.103314415840779,-3.785093714178565
7.143670656003099,-3.785093714178565
7.183508527179398,-3.785093714178565
7.2255768903266375,-3.785093714178565
7.265584592493386,-3.785093714178565
7.30528365607713,-3.785093714178565
7.346190905602645,-3.785093714178565
7.389492546948667,-3.785093714178565
7.429621236206763,-3.785093714178565
7.468198381073719,-3.785093714178565
7.50660009144028,-3.785093714178565
7.548059944750751,-3.785093714178565
7.587503434768032,-3.785093714178565
7.626424726895739,-3.785093714178565
7.667558252865815,-3.785093714178565
7.708793630133921,-3.7573959671429833
7.749393179923263,-3.776552389309696
7.7915433503548535,-3.785093714178565
7.832748468776815,-3.788519499242896
7.874341376596991,-3.7894630396402196
7.915675551434032,-3.789732544658409
7.95688963486674,-3.7909189093583917
7.999441394136598,-3.795066296438482
8.039956119083465,-3.8050105137320056
8.083384976739518,-3.8262457313530316
8.124966294211205,-3.8685684170017405
8.163300669863933,-3.9436115170686348
8.205110644777374,-4.080229369739126
8.245366209662642,-4.302085296541235
8.286411187321832,-4.47129500909655
8.327329584064554,-4.511437539566843
8.368578927397893,-4.5304438699737855
8.409705038482677,-4.5418633033163305
8.451121218110602,-4.549758334994132
8.492409372192991,-4.556058237810115
8.534856570487944,-4.562189742082937
8.57491816733201,-4.569453217315858
8.61859957283349,-4.580402289655676
8.657936439483086,-4.598545682323549
8.699195368795772,-4.62944601372359
8.739127713723608,-4.679829477385168