1681269122.3665664
1681269140.9283264
1681269140.933185
1681270574.0025413
1681270576.0093412
1681270576.417653
1681270576.7281315
1681270646.2271373
1681270647.306842
1681270647.8315377
1681270648.1600807
1681271675.3426518
1681272501.5160487
1681272638.7224033
1681273717.5386214
1681273718.3914192
1681273718.5208774
1681273719.148223
1681273726.920053
1681273727.6310549
1681273727.8847535
1681273733.5307965
1681273733.7034152
1681273734.2556105
1681273738.3074353
1681273741.2392724
1681273741.5762568
1681273751.0639906
1681273752.4126964
1681273752.4839025
1681273752.9556794
1681273878.6282582
1681273879.507224
1681273879.8283615
1681273887.4379675
1681273887.440619
1681273889.3607097
1681273891.0037434
1681273892.4923635
1681273892.704282
1681273892.8480504
1681273893.042355
1681273893.3182318
1681273893.4483156
1681273893.6029694
1681273894.9477882
1681273895.7525563
1681273896.5396478
1681273906.9962974
1681273907.97078
1681273908.4178784
1681273921.7143228
1681273922.6871367
1681273922.770582
1681273923.333845
1681273934.281082
1681273935.3393335
1681273935.4440255
1681273936.9619668
1681273937.4041414
1681273937.892311
1681273941.293677
1681273941.8418503
1681273942.2768002
1681273943.510312
1681273975.9556403
1681274202.4484043
1681274204.2495325
1681274205.0453072
1681274205.1523225
1681274205.7953813
1681274213.4831314
1681274214.2794743
1681274215.1117213
1681274221.9383667
1681274222.5229745
1681274223.0676575
1681274235.523066
1681274243.1834538
1681274245.2597091
1681274252.458733
1681274252.9415443
1681274255.8826866
1681274256.3608863
1681274256.95887
1681274258.9330752
1681274259.8541477
1681274262.9004211
1681274268.3252647
1681274268.7327302
1681274268.9477108
1681274281.548623
1681274281.9212506
1681274282.389082
1681274282.5135543
1681274282.7831757
1681274320.829351
1681274321.6768944
1681274321.9750164
1681274322.7709672
1681274335.8202124
1681274336.4799335
1681274336.6121929
1681274336.7271333
1681274347.5248787
1681274347.9717717
1681274348.0600197
1681274348.590765
1681274371.993202
1681274374.018674
1681274374.7034194
1681274559.6678402
1681274560.9032815
1681274561.03088
1681274561.1229403
1681274561.633768
1681274562.3195662
1681274568.435287
1681274569.087278
1681274569.234728
1681274569.6798859
1681274569.7696834
1681274570.1923625
1681274580.747772
1681274581.5986917
1681274581.6983173
1681274582.2540128
1681274582.342541
1681274582.8118763
1681274589.1906152
1681274589.7902293
1681274589.951539
1681274590.372783
1681274590.374857
1681274590.5521977
1681274596.6549492
1681274764.7583787
1681274765.1600149
1681274766.5619833
1681274766.7706962
1681274767.869856
1681274774.6804986
1681274778.7705336
1681274778.914479
1681274782.7339032
1681274782.983612
1681274783.952092
1681274835.7320254
1681274836.402335
1681274836.5488124
1681274836.667843
1681274836.7551463
1681274837.2084956
1681274849.663082
1681274849.6834443
1681274851.6845024
1681274853.3341408
1681274853.465383
1681274853.8450902
1681274853.9367452
1681274854.1275966
1681275138.6396396
1681275139.527439
1681275139.6743517
1681275139.769278
1681275139.837902
1681275140.2240171
1681275323.0746572
1681275324.5040314
1681275324.9515445
1681275325.1030912
1681275325.2017953
1681275325.6020327
1681275325.6888568
1681275326.0353384
1681275333.5106668
1681275334.7672744
1681275335.4383426
1681275335.5672088
1681275336.3741424
1681275336.5194943
1681275336.6404154
1681275337.1659138
1681275354.114187
1681275470.8604207
1681275471.9974496
1681275473.0402637
1681275478.7718372
1681275479.391475
1681275479.5319693
1681275479.6000268
1681275479.678946
1681275479.88364
1681275485.2922845
1681275486.0278971
1681275486.1261415
1681275534.306691
1681275670.482667
1681275670.4846961
1681275670.487015
1681275670.488914
1681275670.4921563
1681275670.5647519
1681275905.177126
1681275905.736483
1681275906.5174987
1681275906.6338665
1681275907.0845397
1681275907.168317
1681275907.3201509
1681276657.1058872
1681343213.4084747
1681343213.4261045
1681343213.449215
1681343213.4745526
1681343213.4957435
1681343213.5060177
1681343214.3420157
1681343214.3759906
1681343214.407893
1681343214.4385712
1681343214.4555945
1681343214.489604
1681343214.5054057
1681343214.5573592
1681343214.6221917
1681343214.6570797
1681343214.6717312
1681343214.6878695
1681343214.7116783
1681343214.738092
1681343214.7541716
1681343214.7752988
1681343214.788081
1681343214.878543
1681343214.8884313
1681343214.907581
1681343214.9221847
1681343214.9229517
1681343214.9434183
1681343214.9442027
1681343214.9607747
1681343214.9617057
1681343214.9679763
1681343214.9690876
1681343214.98853
1681343214.9960952
1681343214.9971826
1681343214.9981945
1681343214.999244
1681343215.0002525
1681343215.0168612
1681343215.0186045
1681343215.0194662
1681343215.1421666
1681343215.1555686
1681343215.15651
1681343215.173253
1681343215.1740901
1681343215.1748104
1681343215.1756992
1681343215.189522
1681343215.1904428
1681343215.2252343
1681343215.2264688
1681343215.2279444
1681343215.2298174
1681343215.2306805
1681343215.2383292
1681343215.2391436
1681343215.2567425
1681343215.2718096
1681343215.2783887
1681343215.2792678
1681343215.2909253
1681343215.2917883
1681343215.3167527
1681343215.3179643
1681343215.3255687
1681343215.3263686
1681343215.3452039
1681343215.3460438
1681343215.358753
1681343215.3598912
1681343215.360798
1681343215.7907386
1681343215.8100781
1681343215.8108191
1681343215.8225327
1681343215.8234746
1681343215.842895
1681343215.8494148
1681343215.8505225
1681343215.8658144
1681343215.8667414
1681343215.867764
1681343215.8828204
1681343215.8877745
1681343215.9022763
1681343215.9034095
1681343215.9046736
1681343215.9146783
1681343215.9157043
1681343215.9319744
1681343215.9327614
1681343215.9334872
1681343246.0997317
1681343246.178298
1681343246.2106884
1681343246.2293837
1681343246.2420237
1681343246.243307
1681343246.2576783
1681343246.25863
1681343246.273903
1681343246.2918365
1681343246.292709
1681343246.297221
1681343246.2982945
1681343246.316053
1681343246.3170025
1681343246.3351247
1681343246.336578
1681343246.3376524
1681343246.351636
1681343246.3525703
1681343246.3689055
1681343246.3698587
1681343246.3820648
1681343246.3830068
1681343246.3992617
1681343246.4002059
1681343246.40108
1681343246.4183981
1681343246.4197707
1681343246.432024
1681343246.43472
1681343246.4496787
1681343246.451908
1681343246.472598
1681343246.4734635
1681343246.4834037
1681343246.4979935
1681343246.4989734
1681343246.5208442
1681343246.5325062
1681343246.5519412
1681343246.552743
1681343246.5650861
1681343246.5819118
1681343246.7079854
1681343246.710006
1681343246.725444
1681343246.7263746
1681343246.7412727
1681343246.742091
1681343246.7586434
1681343246.759512
1681343246.7769184
1681343246.7777743
1681343246.7912495
1681343246.808532
1681343246.8093278
1681343246.8553505
1681343246.8597379
1681343246.9079206
1681343246.991258
1681343247.0772524
1681343247.0913985
1681343247.107918
1681343247.1087346
1681343247.1093564
1681343247.1251132
1681343247.1260824
1681343247.126877
1681343247.1278265
1681343247.1290085
1681343247.1425612
1681343247.143409
1681343247.144163
1681343247.1451716
1681343247.1461127
1681343247.147051
1681343247.1633742
1681343247.1642585
1681343247.164969
1681343247.1656985
1681343247.1790328
1681343247.1799245
1681343247.1828952
1681343247.1911309
1681343247.192145
1681343247.2099717
1681343247.211002
1681343247.2305684
1681343247.2596376
1681343247.2608867
1681343247.2780313
1681343247.290402
1681343247.2928903
1681343247.3113182
1681343247.3136148
1681343247.3759246
1681343247.3771563
1681343247.3779237
1681343247.391905
1681343247.392842
1681343247.3935053
1681343247.3942833
1681343247.4070807
1681343247.408117
1681343247.4087746
1681343247.4094496
1681343247.4234288
1681343247.4242644
1681343247.4250288
1681343247.426566
1681343247.4282038
1681343247.4301138
1681343247.4445634
1681343247.4474576
1681343247.4501402
1681343247.4516873
1681343247.4531908
1681343247.455478
1681343247.4566658
1681343247.4764874
1681343247.4774277
1681343247.4781675
1681343247.4793763
1681343247.4816277
1681343247.4833653
1681343247.4843054
1681343247.4853861
1681343247.48857
1681343247.4896224
1681343247.494097
1681343247.4951272
1681343247.4961753
1681343247.4971528
1681343247.498491
1681343247.5098197
1681343247.5108433
1681343247.5118237
1681343247.5127254
1681343247.5140688
1681343247.5150006
1681343247.515914
1681343247.5172477
1681343247.5181584
1681343247.5190277
1681343247.5203602
1681343247.5244641
1681343247.5268576
1681343247.527849
1681343275.8817294
1681343406.796232
1681343533.5347161
1681343538.4943955
1681343538.513713
1681343538.5273325
1681343538.5283952
1681343538.5489354
1681343538.5501893
1681343538.5590522
1681343538.560015
1681343538.5785558
1681343538.5797713
1681343538.5807438
1681343538.5817206
1681343538.6067
1681343538.6077719
1681343538.6100986
1681343538.6131587
1681343538.6149614
1681343538.6185899
1681343538.620335
1681343538.6212215
1681343538.6223173
1681343538.6242414
1681343538.632001
1681343538.632902
1681343538.6337502
1681343538.6352491
1681343538.6363287
1681343538.6372092
1681343538.659565
1681343538.662518
1681343538.664909
1681343538.6674712
1681343538.668421
1681343538.6691873
1681343538.6699288
1681343538.6707864
1681343538.6722622
1681343538.6732569
1681343538.6740198
1681343538.677769
1681343538.6796844
1681343538.6814382
1681343538.682509
1681343538.6846204
1681343538.6868196
1681343538.693632
1681343538.6945357
1681343538.6954548
1681343538.69631
1681343538.6990309
1681343538.7005367
1681343911.8225737
1681343912.0809655
1681343926.3846893
1681344216.7655609
1681344307.890293
1681344307.9466066
1681344516.3064375
1681344766.166181
1681344766.262457
1681344771.4199097
1681344774.649042
1681344775.0856159
1681344780.9728746
1681344781.0663645
1681344782.1776998
1681344783.0352404
1681344783.6856027
1681344784.0669036
1681344784.3419588
1681344784.58807
1681344784.7826989
1681344785.3117287
1681344785.702076
1681344786.1723707
1681344786.3520846
1681345003.750974
1681345006.090095
1681345006.2873294
1681345007.1258662
1681345007.2849548
1681345007.5598457
1681345007.7450686
1681345008.0922203
1681345008.2768512
1681345009.025051
1681345455.409851
1681345456.0634255
1681345456.2280653
1681345457.2800364
1681345457.451249
1681345458.0008612
1681345458.7926152
1681345470.1797326
1681345471.9998045
1681345474.5774305
1681345593.5745847
1681345594.9152982
1681345595.0623806
1681345595.9433117
1681345596.0916193
1681345596.431889
1681345597.1136675
1681345695.2480757
1681345705.7387354
1681346096.2620876
1681346096.754612
1681346096.9016669
1681346097.046502
1681346097.777628
1681346097.9254985
1681346098.0771735
1681346098.6943767
1681346099.0015357
1681346120.6313078
1681346121.7270868
1681346122.3390079
1681346122.4853046
1681346122.631914
1681346123.2569757
1681346132.5314496
1681346133.3997176
1681346134.0851812
1681346152.761727
1681346153.4300594
1681346153.565283
1681346154.0411232
1681346163.1449678
1681346163.878418
1681346165.4083877
1681346165.993688
1681346166.6263626
1681346167.148547
1681346172.951282
1681346174.0796115
1681346174.3085706
1681346174.518747
1681346175.237135
1681346209.9027793
1681346210.2155886
1681346210.8401146
1681346210.9986413
1681346211.3425715
1681346211.4486756
1681346211.7314074
1681346212.2377033
1681346213.8500252
1681346214.925831
1681346215.3700354
1681346216.7121797
1681346217.4475093
1681346217.599666
1681346218.8310065
1681346240.643814
1681346241.8732383
1681346242.0187685
1681346242.4040797
1681346242.5845335
1681346245.3772423
1681346250.0996237
1681346251.1720521
1681346251.3334968
1681346251.9464846
1681346252.1445205
1681346254.0575237
1681346261.113914
1681346272.2948086
1681346815.5001285
1681346815.5048964
1681346815.7172532
1681346815.8485196
1681346816.452668
1681346816.605818
1681346816.7545972
1681346816.9164188
1681346817.0820813
1681346817.5870533
1681346817.8286836
1681346817.9503593
1681346818.4522388
1681346839.4253788
1681346840.8335035
1681346841.6230457
1681346852.388751
1681346852.6781318
1681346852.9160216
1681346853.6054192
1681346853.7333243
1681346853.8953178
1681346854.0489953
1681346854.2012603
1681346854.3702292
1681346854.5957572
1681346855.4571297
1681346928.855704
1681346928.8579724
1681346928.8589308
1681346928.8598988
1681346929.2751095
1681346929.8947334
1681346930.0532837
1681346930.6348941
1681346931.353519
1681346932.7514262
1681346933.6893501
1681346933.790338
1681346934.0609558
1681350768.8970296
1681350772.8938482
1681350782.7160754
1681350782.801505
1681350782.8054626
1681350788.3489056
1681350788.4133182
1681350788.414163
1681350788.5403244
1681350800.8022132
1681350805.5348926
1681350805.6099682
1681350805.6109924
1681350805.6714404
1681350805.8533924
1681350805.8565803
1681350805.9173768
1681350805.9203043
1681350805.9960525
1681350805.9969397
1681350806.5367198
1681350806.926768
1681350807.6510603
1681350809.6723013
1681350810.126927
1681350810.5303028
1681350810.6341565
1681350820.756141
1681350821.3591266
1681350821.6107907
1681350827.5425906
1681350828.3507066
1681350828.7982578
1681350837.6867352
1681350837.9331675
1681350838.049358
1681350838.3974838
1681350838.5125074
1681350838.6403537
1681350838.7517385
1681350838.847454
1681350839.1851885
1681350868.4043908
1681350918.0096233
1681350918.5752528
1681350918.7421732
1681350919.5112078
1681350923.7316732
1681350924.7794056
1681350925.1802273
1681350925.362029
1681350934.3877335
1681350934.9849124
1681350935.104783
1681350935.5921724
1681350935.717946
1681350936.0545523
1681350952.3697202
1681350952.9640384
1681350953.0647457
1681350953.3976438
1681350953.55526
1681350954.1474082
1681350959.521764
1681350960.5314226
1681350960.8680363
1681350969.0673633
1681350969.5761425
1681350969.7314217
1681350971.3877976
1681350971.5474951
1681350972.4950185
1681350973.03339
1681350973.1514146
1681350973.9284778
1681350973.9725268
1681350977.9597433
1681350978.7283347
1681350979.2730927
1681350979.8754475
1681350982.703134
1681350983.186206
1681350983.6622036
1681350983.7083056
1681350983.9193585
1681350989.609035
1681350990.3896728
1681350990.599408
1681351001.7301595
1681351053.3897285
1681351053.9526901
1681351054.2514071
1681351082.607018
1681351083.9635081
1681351084.075284
1681351084.8131905
1681351084.8719652
1681351085.075812
1681351092.8134751
1681351093.2393897
1681351093.4554687
1681351095.3388464
1681351095.7962291
1681351096.0067189
1681351099.4672122
1681351099.9897866
1681351100.337823
1681351100.6517193
1681351103.7166076
1681351104.5354698
1681351104.7468104
1681351105.1435168
1681351108.458823
1681351109.2011783
1681351109.4359593
1681351111.0866096
1681351111.9413483
1681351112.087092
1681351112.2346053
1681351112.5881178
1681351112.6874106
1681351112.8180485
1681351113.36596
1681351116.3255904
1681351117.1956627
1681351117.3768172
1681351123.2938151
1681351123.9984946
1681351124.1737893
1681351135.7348022
1681351135.9375596
1681351136.5241766
1681351136.6696138
1681351136.7775981
1681351136.9509852
1681351137.0753007
1681351137.1771545
1681351137.443404
1681351144.3308582
1681351144.850139
1681351144.9771647
1681351145.0304134
1681351145.6665745
1681351145.7341194
1681351145.979399
1681351148.4851775
1681351148.8543644
1681351148.970532
1681351149.1771736
1681351149.312355
1681351149.5679226
1681351155.9776883
1681351196.1947439
1681351196.569997
1681351196.6767719
1681351196.978224
1681351197.141066
1681351197.8127186
1681351199.0863593
1681351201.3245933
1681351201.6097414
1681351202.7643945
1681351203.1796968
1681351203.5869517
1681351204.8946679
1681351207.7055
1681351210.6909475
1681351211.2912467
1681351213.7431774
1681351214.4568052
1681351214.6886706
1681351261.2751245
1681351262.0777504
1681351262.2417786
1681351262.645686
1681351278.5915112
1681351283.143237
1681351283.2786286
1681351284.239829
1681351287.874751
1681351302.46524
1681351303.2133934
1681351306.62169
1681351306.8704472
1681351311.044514
1681351319.1554744
1681351320.025963
1681351320.2696357
1681351323.5955343
1681351326.995393
1681351327.7181268
1681353805.058709
1681353805.7221696
1681353805.9638608
1681353877.0584853
1681353877.5464485
1681353878.2799184
