-1.8000147812255851, -0.13011695898755732, -0.0, -0.58, -0.7600014781225585
-1.8000147812255851, -0.44518597920044917, -0.0, -0.58, -0.7600014781225585
-3.553581957573766, -1.0802024968837234, -0.0, -0.58, -0.9353581957573766
-3.553581957573766, -1.702630723225781, -0.0, -0.58, -0.9353581957573766
-0.6308888598940177, -1.810009730822479, -0.0, -0.58, -0.6430888859894017
2.2921389614154677, -1.4197721195655266, 0.0, -0.58, -0.3507861038584532
6.969299999369528, -0.14664275218611605, 0.0, -0.58, 0.1169299999369529
9.892486080352295, 1.544406352696952, 0.0, -0.58, 0.4092486080352296
13.400014781225584, 3.8280710955670854, 0.0, -0.58, 0.7600014781225585
14.569077414303857, 6.3231695462118385, 0.0, -0.58, 0.8769077414303856
12.815459123454742, 8.557248764572654, 0.0, -0.58, 0.7015459123454744
7.553946955307205, 9.910679629276286, 0.0, -0.58, 0.17539469553072048
0.5382906183893887, 10.002423934897212, 0.0, -0.58, -0.5261709381610611
-5.8913932790775645, 8.984387989476165, -0.0, -0.58, -1.1691393279077564
-9.397356092839642, 7.31251472852481, -0.0, -0.58, -1.5197356092839642
-11.751947565485343, 5.219805395826081, -0.0, -0.58, -1.7551947565485342
-11.16723052721162, 3.3064708178436355, -0.0, -0.58, -1.6967230527211619
-7.0601578192881655, 2.080852963069918, -0.0, -0.58, -1.2860157819288165
1.7075139196477034, 2.396877284504044, 0.0, -0.58, -0.4092486080352296
9.307861038584532, 4.040725242194162, 0.0, -0.58, 0.3507861038584532
14.569077414303857, 6.535837586993858, 0.0, -0.58, 0.8769077414303856
16.90697390679576, 9.4201904633956, 0.0, -0.58, 1.1106973906795758
17.491393279077563, 12.501538556337348, 0.0, -0.58, 1.1691393279077564
16.32253141913123, 15.395686437882542, 0.0, -0.58, 1.052253141913123
11.061709381610608, 17.2813417434488, 0.0, -0.58, 0.5261709381610611
2.8767713077094847, 17.78309138846014, 0.0, -0.58, -0.2923228692290515
-7.6445005589011, 16.41873989191123, -0.0, -0.58, -1.34445005589011
-18.181154580666842, 13.197059538181342, -0.0, -0.58, -2.3981154580666844
-26.3876489806948, 8.704073187941818, -0.0, -0.58, -3.21876489806948
-31.05739969568426, 3.2537835249119684, -0.0, -0.58, -3.6857399695684263
-32.224095926097164, -2.4968096129921333, -0.0, -0.58, -3.8024095926097163
-36.347925003752415, -8.856230197957757, -0.0, -0.58, -4.214792500375242
-38.6803253813179, -15.504429567088206, -0.0, -0.58, -4.44803253813179
-41.5937410237931, -22.80940332145574, -0.0, -0.58, -4.73937410237931
-43.97340309750193, -22.80940332145574, -0.0, -0.58, -4.977340309750193
-44.555979169383946, -22.80940332145574, -0.0, -0.58, -5.035597916938395
-41.64207864790121, -22.80940332145574, -0.0, -0.58, -4.744207864790121
-37.51430498029763, -22.80940332145574, -0.0, -0.58, -4.331430498029763
-30.47393617571593, -22.80940332145574, -0.0, -0.58, -3.627393617571593
-23.43699719783038, -22.80940332145574, -0.0, -0.58, -2.923699719783038
-15.843874949688107, -22.80940332145574, -0.0, -0.58, -2.164387494968811
-8.828020985346, -22.80940332145574, -0.0, -0.58, -1.4628020985346
-1.8000147812255851, -22.80940332145574, -0.0, -0.58, -0.7600014781225585
4.046053044692794, -22.11286316758111, 0.0, -0.58, -0.17539469553072048
2.2921389614154677, -21.716698341898237, 0.0, -0.58, -0.3507861038584532
5.215349391476098, -20.786302185402562, 0.0, -0.58, -0.05846506085239014
5.215349391476098, -19.850432422792196, 0.0, -0.58, -0.05846506085239014
7.553946955307205, -18.49816860693077, 0.0, -0.58, 0.17539469553072048
9.307861038584532, -16.906830578872594, 0.0, -0.58, 0.3507861038584532
12.230888859894016, -14.790532771745584, 0.0, -0.58, 0.6430888859894017
12.815459123454742, -12.504339908114982, 0.0, -0.58, 0.7015459123454744
12.815459123454742, -10.277208768397665, 0.0, -0.58, 0.7015459123454744
11.646305207054912, -8.283258148271765, 0.0, -0.58, 0.5846305207054913
9.307861038584532, -6.638020992037585, 0.0, -0.58, 0.3507861038584532
6.969299999369528, -5.395591542162569, 0.0, -0.58, 0.1169299999369529
5.215349391476098, -4.507327977577444, 0.0, -0.58, -0.05846506085239014
4.046053044692794, -3.805464861728525, 0.0, -0.58, -0.17539469553072048
4.046053044692794, -3.0823504134595954, 0.0, -0.58, -0.17539469553072048
4.046053044692794, -2.3575767599359025, 0.0, -0.58, -0.17539469553072048
4.046053044692794, -1.6644881388528676, 0.0, -0.58, -0.17539469553072048
4.046053044692794, -0.9687544359043915, 0.0, -0.58, -0.17539469553072048
2.8767713077094847, -0.45478111367604535, 0.0, -0.58, -0.2923228692290515
0.5382906183893887, -0.359119917511838, 0.0, -0.58, -0.5261709381610611
-1.215459123454744, -0.5664226877818483, -0.0, -0.58, -0.7015459123454744
-1.8000147812255851, -0.8788961666613384, -0.0, -0.58, -0.7600014781225585
-2.384554616881526, -1.300089193023848, -0.0, -0.58, -0.8184554616881525
-2.9690774143038565, -1.8078948827807628, -0.0, -0.58, -0.8769077414303856
-2.9690774143038565, -2.313874233834307, -0.0, -0.58, -0.8769077414303856
-2.384554616881526, -2.724300588221084, -0.0, -0.58, -0.8184554616881525
-1.215459123454744, -2.9334898786130714, -0.0, -0.58, -0.7015459123454744
0.5382906183893887, -2.8374557308132555, 0.0, -0.58, -0.5261709381610611
1.7075139196477034, -2.546854180178327, 0.0, -0.58, -0.4092486080352296
2.8767713077094847, -2.051549023503369, 0.0, -0.58, -0.2923228692290515
2.8767713077094847, -1.538228654967683, 0.0, -0.58, -0.2923228692290515
2.2921389614154677, -1.1348906210463143, 0.0, -0.58, -0.3507861038584532
1.7075139196477034, -0.8449502057524366, 0.0, -0.58, -0.4092486080352296
1.1228973996149176, -0.647597488139471, 0.0, -0.58, -0.4677102600385082
1.1228973996149176, -0.4501617774497327, 0.0, -0.58, -0.4677102600385082
0.5382906183893887, -0.35859149881362545, 0.0, -0.58, -0.5261709381610611
0.5382906183893887, -0.267211931165307, 0.0, -0.58, -0.5261709381610611
0.5382906183893887, -0.17586290807627109, 0.0, -0.58, -0.5261709381610611
0.5382906183893887, -0.08123509338829235, 0.0, -0.58, -0.5261709381610611
0.5382906183893887, 0.012533366808277248, 0.0, -0.58, -0.5261709381610611
0.5382906183893887, 0.10434902862651925, 0.0, -0.58, -0.5261709381610611
0.5382906183893887, 0.1992253066202579, 0.0, -0.58, -0.5261709381610611
0.5382906183893887, 0.2919691123575368, 0.0, -0.58, -0.5261709381610611
0.5382906183893887, 0.3837711702964345, 0.0, -0.58, -0.5261709381610611
0.5382906183893887, 0.47955557140564664, 0.0, -0.58, -0.5261709381610611
0.5382906183893887, 0.5756071732393382, 0.0, -0.58, -0.5261709381610611
-0.6308888598940177, 0.4658200114776337, -0.0, -0.58, -0.6430888859894017
-1.8000147812255851, 0.15929722309565497, -0.0, -0.58, -0.7600014781225585
-3.553581957573766, -0.47229305618515066, -0.0, -0.58, -0.9353581957573766
-5.306973906795759, -1.3929850277425744, -0.0, -0.58, -1.1106973906795758
-7.0601578192881655, -2.5988042278955326, -0.0, -0.58, -1.2860157819288165
-5.306973906795759, -3.507164769090343, -0.0, -0.58, -1.1106973906795758
-2.9690774143038565, -4.013499477519503, -0.0, -0.58, -0.8769077414303856
-0.04630520705491303, -4.021681546700515, -0.0, -0.58, -0.5846305207054913
1.1228973996149176, -3.8206857007368242, 0.0, -0.58, -0.4677102600385082
1.1228973996149176, -3.62883783359032, 0.0, -0.58, -0.4677102600385082
-0.04630520705491303, -3.6368201225391728, -0.0, -0.58, -0.5846305207054913
-2.9690774143038565, -4.166080336878169, -0.0, -0.58, -0.8769077414303856
-4.722531419131229, -4.971421882915519, -0.0, -0.58, -1.052253141913123
-5.306973906795759, -5.885504025598092, -0.0, -0.58, -1.1106973906795758
-3.553581957573766, -6.519031095429848, -0.0, -0.58, -0.9353581957573766
-0.6308888598940177, -6.630035119602228, -0.0, -0.58, -0.6430888859894017
2.2921389614154677, -6.239101281978078, 0.0, -0.58, -0.3507861038584532
4.630700000630471, -5.4277740038257765, 0.0, -0.58, -0.1169299999369529
4.046053044692794, -4.704534150508521, 0.0, -0.58, -0.17539469553072048
1.1228973996149176, -4.503124945478581, 0.0, -0.58, -0.4677102600385082
-2.384554616881526, -4.910967935335961, -0.0, -0.58, -0.8184554616881525
-5.306973906795759, -5.830242791973815, -0.0, -0.58, -1.1106973906795758
-5.8913932790775645, -6.8811215064577125, -0.0, -0.58, -1.1691393279077564
-4.722531419131229, -7.729048326079042, -0.0, -0.58, -1.052253141913123
-1.215459123454744, -7.9356625599727355, -0.0, -0.58, -0.7015459123454744
1.7075139196477034, -7.64015704608763, 0.0, -0.58, -0.4092486080352296
3.461409741273507, -7.0222023702637895, 0.0, -0.58, -0.23385902587264923
1.7075139196477034, -6.717355469965053, 0.0, -0.58, -0.4092486080352296
0.5382906183893887, -6.625396582398243, 0.0, -0.58, -0.5261709381610611
-1.215459123454744, -6.836732622569587, -0.0, -0.58, -0.7015459123454744
-0.6308888598940177, -6.948825355039675, -0.0, -0.58, -0.6430888859894017
-0.6308888598940177, -7.05931405527893, -0.0, -0.58, -0.6430888859894017
1.7075139196477034, -6.768640040302434, 0.0, -0.58, -0.4092486080352296
0.5382906183893887, -6.673641327394597, 0.0, -0.58, -0.5261709381610611
2.2921389614154677, -6.263547602459649, 0.0, -0.58, -0.3507861038584532
2.8767713077094847, -5.746223091426327, 0.0, -0.58, -0.2923228692290515
4.630700000630471, -4.956314284613306, 0.0, -0.58, -0.1169299999369529
3.461409741273507, -4.35693300920038, 0.0, -0.58, -0.23385902587264923
3.461409741273507, -3.7393447507666777, 0.0, -0.58, -0.23385902587264923
2.8767713077094847, -3.2257623777030546, 0.0, -0.58, -0.2923228692290515
2.8767713077094847, -2.733916778198031, 0.0, -0.58, -0.2923228692290515
2.8767713077094847, -2.234134224773403, 0.0, -0.58, -0.2923228692290515
2.8767713077094847, -1.7222637975258304, 0.0, -0.58, -0.2923228692290515
3.461409741273507, -1.1184789113161109, 0.0, -0.58, -0.23385902587264923
4.046053044692794, -0.4266327648657121, 0.0, -0.58, -0.17539469553072048
4.046053044692794, 0.30338089036953275, 0.0, -0.58, -0.17539469553072048
3.461409741273507, 0.911255786907009, 0.0, -0.58, -0.23385902587264923
2.2921389614154677, 1.3112536830290735, 0.0, -0.58, -0.3507861038584532
-0.04630520705491303, 1.3033192415341432, -0.0, -0.58, -0.5846305207054913
-1.215459123454744, 1.089274262791333, -0.0, -0.58, -0.7015459123454744
-2.384554616881526, 0.6642346157409046, -0.0, -0.58, -0.8184554616881525
-2.384554616881526, 0.23673099380702367, -0.0, -0.58, -0.8184554616881525
-2.384554616881526, -0.17207393548339756, -0.0, -0.58, -0.8184554616881525
-2.384554616881526, -0.5849710870191099, -0.0, -0.58, -0.8184554616881525
-1.8000147812255851, -0.9058182766289795, -0.0, -0.58, -0.7600014781225585
-1.8000147812255851, -1.226155627762645, -0.0, -0.58, -0.7600014781225585
-0.6308888598940177, -1.3341645759991339, -0.0, -0.58, -0.6430888859894017
-0.04630520705491303, -1.3422016013754314, -0.0, -0.58, -0.5846305207054913
1.1228973996149176, -1.1360168140762208, 0.0, -0.58, -0.4677102600385082
2.8767713077094847, -0.5933889757008604, 0.0, -0.58, -0.2923228692290515
4.046053044692794, 0.09935815778904317, 0.0, -0.58, -0.17539469553072048
4.630700000630471, 0.8888187223668196, 0.0, -0.58, -0.1169299999369529
4.046053044692794, 1.5808481531186165, 0.0, -0.58, -0.17539469553072048
1.1228973996149176, 1.778322415431114, 0.0, -0.58, -0.4677102600385082
-0.04630520705491303, 1.7703906897815147, -0.0, -0.58, -0.5846305207054913
-1.215459123454744, 1.5624045993198572, -0.0, -0.58, -0.7015459123454744
-1.215459123454744, 1.330963065129651, -0.0, -0.58, -0.7015459123454744
-0.04630520705491303, 1.3230448966266637, -0.0, -0.58, -0.5846305207054913
0.5382906183893887, 1.4184304217264223, 0.0, -0.58, -0.5261709381610611
0.5382906183893887, 1.5105358718423947, 0.0, -0.58, -0.5261709381610611
0.5382906183893887, 1.602788141184498, 0.0, -0.58, -0.5261709381610611
-0.04630520705491303, 1.5945410683558872, -0.0, -0.58, -0.5846305207054913
-1.8000147812255851, 1.2883856383372339, -0.0, -0.58, -0.7600014781225585
-2.9690774143038565, 0.7736143777116483, -0.0, -0.58, -0.8769077414303856
-4.138067030994538, 0.0385953989663837, -0.0, -0.58, -0.9938067030994537
-4.722531419131229, -0.8083698685519185, -0.0, -0.58, -1.052253141913123
-4.138067030994538, -1.5145112976495634, -0.0, -0.58, -0.9938067030994537
-2.9690774143038565, -2.0285506070273636, -0.0, -0.58, -0.8769077414303856
-1.8000147812255851, -2.349200384432643, -0.0, -0.58, -0.7600014781225585
-0.6308888598940177, -2.4616763759166242, -0.0, -0.58, -0.6430888859894017
0.5382906183893887, -2.369195920749293, 0.0, -0.58, -0.5261709381610611
1.1228973996149176, -2.1748164970416153, 0.0, -0.58, -0.4677102600385082
1.7075139196477034, -1.8710549334542328, 0.0, -0.58, -0.4092486080352296
1.7075139196477034, -1.57595407999339, 0.0, -0.58, -0.4092486080352296
1.1228973996149176, -1.3843337745090052, 0.0, -0.58, -0.4677102600385082
1.1228973996149176, -1.1831917536423533, 0.0, -0.58, -0.4677102600385082
1.1228973996149176, -0.9821702065968232, 0.0, -0.58, -0.4677102600385082
1.1228973996149176, -0.7822382783334398, 0.0, -0.58, -0.4677102600385082
0.5382906183893887, -0.6894341535085023, 0.0, -0.58, -0.5261709381610611
0.5382906183893887, -0.5965640627025934, 0.0, -0.58, -0.5261709381610611
0.5382906183893887, -0.5007722179612871, 0.0, -0.58, -0.5261709381610611
1.1228973996149176, -0.2998754282505188, 0.0, -0.58, -0.4677102600385082
1.1228973996149176, -0.1014207767536919, 0.0, -0.58, -0.4677102600385082
1.7075139196477034, 0.18981096939105477, 0.0, -0.58, -0.4092486080352296
1.7075139196477034, 0.4901943919316183, 0.0, -0.58, -0.4092486080352296
1.7075139196477034, 0.7953376632453086, 0.0, -0.58, -0.4092486080352296
1.7075139196477034, 1.0873127795456943, 0.0, -0.58, -0.4092486080352296
0.5382906183893887, 1.1804521244918327, 0.0, -0.58, -0.5261709381610611
0.5382906183893887, 1.276091759790664, 0.0, -0.58, -0.5261709381610611
-0.04630520705491303, 1.2678559919442445, -0.0, -0.58, -0.5846305207054913
-0.04630520705491303, 1.2599490621833185, -0.0, -0.58, -0.5846305207054913
-0.04630520705491303, 1.2518688261622004, -0.0, -0.58, -0.5846305207054913
-0.6308888598940177, 1.1394478867971691, -0.0, -0.58, -0.6430888859894017
-1.8000147812255851, 0.8238158126442272, -0.0, -0.58, -0.7600014781225585
-2.9690774143038565, 0.31707902654703746, -0.0, -0.58, -0.8769077414303856
-4.138067030994538, -0.41240911710001893, -0.0, -0.58, -0.9938067030994537
-4.722531419131229, -1.257530096158415, -0.0, -0.58, -1.052253141913123
-4.138067030994538, -2.008644337799179, -0.0, -0.58, -0.9938067030994537
-2.9690774143038565, -2.5171083589491694, -0.0, -0.58, -0.8769077414303856
-0.04630520705491303, -2.5250221556035743, -0.0, -0.58, -0.5846305207054913
2.2921389614154677, -2.1169843204593635, 0.0, -0.58, -0.3507861038584532
4.046053044692794, -1.3980236732526474, 0.0, -0.58, -0.17539469553072048
4.046053044692794, -0.6776083274853604, 0.0, -0.58, -0.17539469553072048
4.046053044692794, 0.016879042213608225, 0.0, -0.58, -0.17539469553072048
3.461409741273507, 0.6220058083250493, 0.0, -0.58, -0.23385902587264923
2.2921389614154677, 1.0325673274282239, 0.0, -0.58, -0.3507861038584532
1.7075139196477034, 1.32543481359781, 0.0, -0.58, -0.4092486080352296
1.7075139196477034, 1.6184171028253864, 0.0, -0.58, -0.4092486080352296
1.7075139196477034, 1.9219050931681965, 0.0, -0.58, -0.4092486080352296
1.7075139196477034, 2.226805731068546, 0.0, -0.58, -0.4092486080352296
2.8767713077094847, 2.7210244605910106, 0.0, -0.58, -0.2923228692290515
3.461409741273507, 3.3192932796032473, 0.0, -0.58, -0.23385902587264923
2.8767713077094847, 3.8329936232920145, 0.0, -0.58, -0.2923228692290515
1.7075139196477034, 4.132478162314698, 0.0, -0.58, -0.4092486080352296
-0.04630520705491303, 4.124581698494315, -0.0, -0.58, -0.5846305207054913
-1.8000147812255851, 3.8084457940627003, -0.0, -0.58, -0.7600014781225585
-2.9690774143038565, 3.277795297082844, -0.0, -0.58, -0.8769077414303856
-3.553581957573766, 2.6471471486387212, -0.0, -0.58, -0.9353581957573766
-2.9690774143038565, 2.1407756302822056, -0.0, -0.58, -0.8769077414303856
-2.384554616881526, 1.7238908645719349, -0.0, -0.58, -0.8184554616881525
-1.215459123454744, 1.5066761842785579, -0.0, -0.58, -0.7015459123454744
-1.215459123454744, 1.2893942731605577, -0.0, -0.58, -0.7015459123454744
-0.6308888598940177, 1.1806531016589064, -0.0, -0.58, -0.6430888859894017
-0.04630520705491303, 1.1726618923725438, -0.0, -0.58, -0.5846305207054913
-0.04630520705491303, 1.164434095421771, -0.0, -0.58, -0.5846305207054913
-0.04630520705491303, 1.1561843509079157, -0.0, -0.58, -0.5846305207054913
-0.04630520705491303, 1.1482665577656654, -0.0, -0.58, -0.5846305207054913
-0.04630520705491303, 1.1402137672384218, -0.0, -0.58, -0.5846305207054913
0.5382906183893887, 1.2362694759036135, 0.0, -0.58, -0.5261709381610611
0.5382906183893887, 1.3316621879584976, 0.0, -0.58, -0.5261709381610611
0.5382906183893887, 1.4233351373821088, 0.0, -0.58, -0.5261709381610611
0.5382906183893887, 1.517190867748057, 0.0, -0.58, -0.5261709381610611
0.5382906183893887, 1.6129005758593598, 0.0, -0.58, -0.5261709381610611
-0.6308888598940177, 1.5027704664714083, -0.0, -0.58, -0.6430888859894017
-2.384554616881526, 1.0994711054254158, -0.0, -0.58, -0.8184554616881525
-2.384554616881526, 0.6770375637893267, -0.0, -0.58, -0.8184554616881525
-2.384554616881526, 0.27301617964642955, -0.0, -0.58, -0.8184554616881525
-2.384554616881526, -0.14069964374719038, -0.0, -0.58, -0.8184554616881525
-1.8000147812255851, -0.4474979509016631, -0.0, -0.58, -0.7600014781225585
-1.215459123454744, -0.6552695982158148, -0.0, -0.58, -0.7015459123454744
-0.6308888598940177, -0.7675852466429633, -0.0, -0.58, -0.6430888859894017
-0.04630520705491303, -0.7758196455266957, -0.0, -0.58, -0.5846305207054913
0.5382906183893887, -0.6836269252413449, 0.0, -0.58, -0.5261709381610611
1.7075139196477034, -0.3877623464727371, 0.0, -0.58, -0.4092486080352296
2.8767713077094847, 0.1264908130524634, 0.0, -0.58, -0.2923228692290515
4.046053044692794, 0.8162494477753588, 0.0, -0.58, -0.17539469553072048
5.8, 1.8179726418976734, 0.0, -0.58, 0.0
5.215349391476098, 2.7476948559775884, 0.0, -0.58, -0.05846506085239014
4.630700000630471, 3.5751654788681875, 0.0, -0.58, -0.1169299999369529
2.2921389614154677, 3.967557347848447, 0.0, -0.58, -0.3507861038584532
0.5382906183893887, 4.060799363582089, 0.0, -0.58, -0.5261709381610611
-1.8000147812255851, 3.740851686974007, -0.0, -0.58, -0.7600014781225585
-1.8000147812255851, 3.4192603391842233, -0.0, -0.58, -0.7600014781225585
-1.8000147812255851, 3.1122457369186343, -0.0, -0.58, -0.7600014781225585
-0.04630520705491303, 3.104186521098778, -0.0, -0.58, -0.5846305207054913
1.1228973996149176, 3.304599273768239, 0.0, -0.58, -0.4677102600385082
2.2921389614154677, 3.713289616198505, 0.0, -0.58, -0.3507861038584532
1.7075139196477034, 4.00501558543687, 0.0, -0.58, -0.4092486080352296
1.1228973996149176, 4.200048244974631, 0.0, -0.58, -0.4677102600385082
-0.6308888598940177, 4.083317597106428, -0.0, -0.58, -0.6430888859894017
-2.384554616881526, 3.6474441924696888, -0.0, -0.58, -0.8184554616881525
-4.138067030994538, 2.9368512599893974, -0.0, -0.58, -0.9938067030994537
-3.553581957573766, 2.327240079778039, -0.0, -0.58, -0.9353581957573766
-2.384554616881526, 1.9201009203096104, -0.0, -0.58, -0.8184554616881525
-1.8000147812255851, 1.599831375976652, -0.0, -0.58, -0.7600014781225585
-1.215459123454744, 1.3911602265951242, -0.0, -0.58, -0.7015459123454744
-1.215459123454744, 1.1826913492635414, -0.0, -0.58, -0.7015459123454744
-1.215459123454744, 0.9664306511885284, -0.0, -0.58, -0.7015459123454744
-1.215459123454744, 0.7567191627535601, -0.0, -0.58, -0.7015459123454744
-1.215459123454744, 0.5496105504684536, -0.0, -0.58, -0.7015459123454744
-1.215459123454744, 0.3329424104131796, -0.0, -0.58, -0.7015459123454744
-1.215459123454744, 0.12245834707111578, -0.0, -0.58, -0.7015459123454744
-0.6308888598940177, 0.014883799161206687, -0.0, -0.58, -0.6430888859894017
0.5382906183893887, 0.10711065748340254, 0.0, -0.58, -0.5261709381610611
1.7075139196477034, 0.3987348509611371, 0.0, -0.58, -0.4092486080352296
2.8767713077094847, 0.9059015424689374, 0.0, -0.58, -0.2923228692290515
4.046053044692794, 1.6302063740427375, 0.0, -0.58, -0.17539469553072048
4.630700000630471, 2.417979957991317, 0.0, -0.58, -0.1169299999369529
3.461409741273507, 3.0141889170806153, 0.0, -0.58, -0.23385902587264923
1.7075139196477034, 3.319342773073411, 0.0, -0.58, -0.4092486080352296
-0.6308888598940177, 3.211102485604831, -0.0, -0.58, -0.6430888859894017
-2.384554616881526, 2.801275353536272, -0.0, -0.58, -0.8184554616881525
-2.384554616881526, 2.3653257669349776, -0.0, -0.58, -0.8184554616881525
-0.04630520705491303, 2.3565291880677126, -0.0, -0.58, -0.5846305207054913
2.2921389614154677, 2.748469657535174, 0.0, -0.58, -0.3507861038584532
4.046053044692794, 3.459736222700038, 0.0, -0.58, -0.17539469553072048
4.046053044692794, 4.181571539476052, 0.0, -0.58, -0.17539469553072048
1.7075139196477034, 4.487441082617596, 0.0, -0.58, -0.4092486080352296
-0.6308888598940177, 4.3793175176744406, -0.0, -0.58, -0.6430888859894017
-2.384554616881526, 3.9704489139061816, -0.0, -0.58, -0.8184554616881525
-2.384554616881526, 3.5524794079841833, -0.0, -0.58, -0.8184554616881525
-0.04630520705491303, 3.5445696298976657, -0.0, -0.58, -0.5846305207054913
2.8767713077094847, 4.034182018033675, 0.0, -0.58, -0.2923228692290515
4.046053044692794, 4.728356839766049, 0.0, -0.58, -0.17539469553072048
3.461409741273507, 5.334383144064992, 0.0, -0.58, -0.23385902587264923
1.1228973996149176, 5.534686667136635, 0.0, -0.58, -0.4677102600385082
-1.8000147812255851, 5.226614622105585, -0.0, -0.58, -0.7600014781225585
-4.138067030994538, 4.512353540339682, -0.0, -0.58, -0.9938067030994537
-5.306973906795759, 3.569215480681216, -0.0, -0.58, -1.1106973906795758
-5.306973906795759, 2.652332005470136, -0.0, -0.58, -1.1106973906795758
-2.384554616881526, 2.245540781541318, -0.0, -0.58, -0.8184554616881525
-1.215459123454744, 2.0290708565034685, -0.0, -0.58, -0.7015459123454744
1.1228973996149176, 2.228721143745029, 0.0, -0.58, -0.4677102600385082
2.2921389614154677, 2.618560911363583, 0.0, -0.58, -0.3507861038584532
3.461409741273507, 3.20817930901675, 0.0, -0.58, -0.23385902587264923
1.7075139196477034, 3.500207348712663, 0.0, -0.58, -0.4092486080352296
-0.04630520705491303, 3.49217372366304, -0.0, -0.58, -0.5846305207054913
-2.384554616881526, 3.0842579629738465, -0.0, -0.58, -0.8184554616881525
-4.138067030994538, 2.3763288290602986, -0.0, -0.58, -0.9938067030994537
-4.138067030994538, 1.640940864883937, -0.0, -0.58, -0.9938067030994537
-4.138067030994538, 0.9009435425950476, -0.0, -0.58, -0.9938067030994537
-2.9690774143038565, 0.3703680812363374, -0.0, -0.58, -0.8769077414303856
-0.6308888598940177, 0.26273246458245625, -0.0, -0.58, -0.6430888859894017
1.7075139196477034, 0.5600886688988519, 0.0, -0.58, -0.4092486080352296
2.8767713077094847, 1.0742951888745766, 0.0, -0.58, -0.2923228692290515
4.046053044692794, 1.7665831469567665, 0.0, -0.58, -0.17539469553072048
4.630700000630471, 2.5636594133540456, 0.0, -0.58, -0.1169299999369529
4.630700000630471, 3.3878863522861495, 0.0, -0.58, -0.1169299999369529
2.2921389614154677, 3.7964728618987014, 0.0, -0.58, -0.3507861038584532
-0.04630520705491303, 3.7885358591187437, -0.0, -0.58, -0.5846305207054913
-2.384554616881526, 3.3754476841495196, -0.0, -0.58, -0.8184554616881525
-2.9690774143038565, 2.8458179547705393, -0.0, -0.58, -0.8769077414303856
-3.553581957573766, 2.2119282662354554, -0.0, -0.58, -0.9353581957573766
-2.384554616881526, 1.8043956894575324, -0.0, -0.58, -0.8184554616881525
-1.8000147812255851, 1.4909574657173468, -0.0, -0.58, -0.7600014781225585
-1.215459123454744, 1.274476528734085, -0.0, -0.58, -0.7015459123454744
-1.215459123454744, 1.0570601559668376, -0.0, -0.58, -0.7015459123454744
-1.8000147812255851, 0.7400736624276163, -0.0, -0.58, -0.7600014781225585
-2.9690774143038565, 0.2319989770477246, -0.0, -0.58, -0.8769077414303856
-3.553581957573766, -0.3928862451813655, -0.0, -0.58, -0.9353581957573766
-4.138067030994538, -1.1162733035185182, -0.0, -0.58, -0.9938067030994537
-4.722531419131229, -1.9252223588510686, -0.0, -0.58, -1.052253141913123
-3.553581957573766, -2.5472540768913565, -0.0, -0.58, -0.9353581957573766
-1.8000147812255851, -2.8680017020849977, -0.0, -0.58, -0.7600014781225585
-0.04630520705491303, -2.8761690659571437, -0.0, -0.58, -0.5846305207054913
2.2921389614154677, -2.4844307972399675, 0.0, -0.58, -0.3507861038584532
3.461409741273507, -1.875182660753866, 0.0, -0.58, -0.23385902587264923
4.046053044692794, -1.1516900680315252, 0.0, -0.58, -0.17539469553072048
4.046053044692794, -0.4372999525091491, 0.0, -0.58, -0.17539469553072048
4.630700000630471, 0.3552033598527024, 0.0, -0.58, -0.1169299999369529
4.046053044692794, 1.0620151518393723, 0.0, -0.58, -0.17539469553072048
3.461409741273507, 1.6807092645586263, 0.0, -0.58, -0.23385902587264923
1.7075139196477034, 1.9872049321795635, 0.0, -0.58, -0.4092486080352296
-0.04630520705491303, 1.9793388725788637, -0.0, -0.58, -0.5846305207054913
-0.04630520705491303, 1.9713080075346583, -0.0, -0.58, -0.5846305207054913
-0.04630520705491303, 1.963043204431244, -0.0, -0.58, -0.5846305207054913
1.1228973996149176, 2.162762027891043, 0.0, -0.58, -0.4677102600385082
1.7075139196477034, 2.4532414476132156, 0.0, -0.58, -0.4092486080352296
1.1228973996149176, 2.6493455210001535, 0.0, -0.58, -0.4677102600385082
-1.215459123454744, 2.4318746680819188, -0.0, -0.58, -0.7015459123454744
-4.138067030994538, 1.683844513226206, -0.0, -0.58, -0.9938067030994537
-4.722531419131229, 0.8805544284672129, -0.0, -0.58, -1.052253141913123
-5.8913932790775645, -0.13640277062587802, -0.0, -0.58, -1.1691393279077564
-6.475788321345285, -1.2929774927004811, -0.0, -0.58, -1.2275788321345285
-5.8913932790775645, -2.347246954105845, -0.0, -0.58, -1.1691393279077564
-3.553581957573766, -2.9540520755662203, -0.0, -0.58, -0.9353581957573766
-1.8000147812255851, -3.2655419266784884, -0.0, -0.58, -0.7600014781225585
2.2921389614154677, -2.8575193932126774, 0.0, -0.58, -0.3507861038584532
4.046053044692794, -2.134862191043025, 0.0, -0.58, -0.17539469553072048
5.215349391476098, -1.243567129023184, 0.0, -0.58, -0.05846506085239014
4.630700000630471, -0.44029496256631484, 0.0, -0.58, -0.1169299999369529
4.630700000630471, 0.38485054173456645, 0.0, -0.58, -0.1169299999369529
2.2921389614154677, 0.7952186039036844, 0.0, -0.58, -0.3507861038584532
-0.04630520705491303, 0.7872853768111379, -0.0, -0.58, -0.5846305207054913
-2.9690774143038565, 0.2738024636429692, -0.0, -0.58, -0.8769077414303856
-3.553581957573766, -0.36020075504689464, -0.0, -0.58, -0.9353581957573766
-3.553581957573766, -0.9967592494592723, -0.0, -0.58, -0.9353581957573766
-1.8000147812255851, -1.301668407647205, -0.0, -0.58, -0.7600014781225585
1.1228973996149176, -1.1064274622587043, 0.0, -0.58, -0.4677102600385082
3.461409741273507, -0.4841533526060748, 0.0, -0.58, -0.23385902587264923
4.046053044692794, 0.28242648541232673, 0.0, -0.58, -0.17539469553072048
5.215349391476098, 1.1807693437652154, 0.0, -0.58, -0.05846506085239014
5.215349391476098, 2.0701445403054826, 0.0, -0.58, -0.05846506085239014
2.8767713077094847, 2.5621163409443817, 0.0, -0.58, -0.2923228692290515
0.5382906183893887, 2.657691807001023, 0.0, -0.58, -0.5261709381610611
-0.6308888598940177, 2.544893926078371, -0.0, -0.58, -0.6430888859894017
-0.6308888598940177, 2.4365967815033343, -0.0, -0.58, -0.6430888859894017
-0.6308888598940177, 2.327944355220756, -0.0, -0.58, -0.6430888859894017
-0.04630520705491303, 2.319692248142263, -0.0, -0.58, -0.5846305207054913
-0.04630520705491303, 2.3115421287839677, -0.0, -0.58, -0.5846305207054913
-0.6308888598940177, 2.2038671032361936, -0.0, -0.58, -0.6430888859894017
-0.6308888598940177, 2.0931967009212773, -0.0, -0.58, -0.6430888859894017
-1.215459123454744, 1.8761500976894592, -0.0, -0.58, -0.7015459123454744
-1.215459123454744, 1.6675890677620562, -0.0, -0.58, -0.7015459123454744
-1.215459123454744, 1.4588292432411543, -0.0, -0.58, -0.7015459123454744
-1.215459123454744, 1.2425656472857696, -0.0, -0.58, -0.7015459123454744
-1.215459123454744, 1.0262058417020445, -0.0, -0.58, -0.7015459123454744
-2.384554616881526, 0.6196454377553867, -0.0, -0.58, -0.8184554616881525
-3.553581957573766, -0.0005986039670950738, -0.0, -0.58, -0.9353581957573766
-4.138067030994538, -0.7384135846153783, -0.0, -0.58, -0.9938067030994537
-4.722531419131229, -1.5844690932352654, -0.0, -0.58, -1.052253141913123
-2.9690774143038565, -2.0895706690980416, -0.0, -0.58, -0.8769077414303856
-1.8000147812255851, -2.4026209349405097, -0.0, -0.58, -0.7600014781225585
0.5382906183893887, -2.306677650787635, 0.0, -0.58, -0.5261709381610611
1.7075139196477034, -2.0010572547081127, 0.0, -0.58, -0.4092486080352296
2.8767713077094847, -1.5094462247019234, 0.0, -0.58, -0.2923228692290515
2.2921389614154677, -1.1129983179686476, 0.0, -0.58, -0.3507861038584532
2.2921389614154677, -0.7040522189136966, 0.0, -0.58, -0.3507861038584532
3.461409741273507, -0.0907355289740356, 0.0, -0.58, -0.23385902587264923
4.630700000630471, 0.7049363922921323, 0.0, -0.58, -0.1169299999369529
5.8, 1.7125753235665464, 0.0, -0.58, 0.0
5.8, 2.7474642586556577, 0.0, -0.58, 0.0
3.461409741273507, 3.3672576235453255, 0.0, -0.58, -0.23385902587264923
0.5382906183893887, 3.4593204652844833, 0.0, -0.58, -0.5261709381610611
-1.8000147812255851, 3.1477851235337657, -0.0, -0.58, -0.7600014781225585
-2.9690774143038565, 2.61853340379339, -0.0, -0.58, -0.8769077414303856
-2.9690774143038565, 2.0901948534047, -0.0, -0.58, -0.8769077414303856
-1.8000147812255851, 1.7818352732060943, -0.0, -0.58, -0.7600014781225585
-1.215459123454744, 1.570955359405256, -0.0, -0.58, -0.7015459123454744
-0.04630520705491303, 1.56270316400659, -0.0, -0.58, -0.5846305207054913
1.1228973996149176, 1.7612129657415303, 0.0, -0.58, -0.4677102600385082
1.1228973996149176, 1.9536160833436051, 0.0, -0.58, -0.4677102600385082
1.1228973996149176, 2.149147236781208, 0.0, -0.58, -0.4677102600385082
-0.04630520705491303, 2.1408603094743652, -0.0, -0.58, -0.5846305207054913
-1.8000147812255851, 1.8186449674552883, -0.0, -0.58, -0.7600014781225585
-3.553581957573766, 1.2130937611372608, -0.0, -0.58, -0.9353581957573766
-4.138067030994538, 0.49371226657084033, -0.0, -0.58, -0.9938067030994537
-4.138067030994538, -0.24362717670367628, -0.0, -0.58, -0.9938067030994537
-2.384554616881526, -0.6493222899782958, -0.0, -0.58, -0.8184554616881525
-0.04630520705491303, -0.6572585199567367, -0.0, -0.58, -0.5846305207054913
1.1228973996149176, -0.45947745097978226, 0.0, -0.58, -0.4677102600385082
2.8767713077094847, 0.03138048747751983, 0.0, -0.58, -0.2923228692290515
2.8767713077094847, 0.5332631923800111, 0.0, -0.58, -0.2923228692290515
3.461409741273507, 1.1243423080073773, 0.0, -0.58, -0.23385902587264923
2.2921389614154677, 1.5160598101610105, 0.0, -0.58, -0.3507861038584532
0.5382906183893887, 1.6118621786580363, 0.0, -0.58, -0.5261709381610611
-0.6308888598940177, 1.504386303398486, -0.0, -0.58, -0.6430888859894017
-1.8000147812255851, 1.193841455926454, -0.0, -0.58, -0.7600014781225585
-1.215459123454744, 0.9774207948549232, -0.0, -0.58, -0.7015459123454744
-1.215459123454744, 0.760122076030767, -0.0, -0.58, -0.7015459123454744
-1.215459123454744, 0.5507432642624699, -0.0, -0.58, -0.7015459123454744
-1.8000147812255851, 0.24037522946063675, -0.0, -0.58, -0.7600014781225585
-2.384554616881526, -0.18370134111250308, -0.0, -0.58, -0.8184554616881525
-3.553581957573766, -0.8229964205990582, -0.0, -0.58, -0.9353581957573766
-4.138067030994538, -1.5415057677828856, -0.0, -0.58, -0.9938067030994537
-2.9690774143038565, -2.051561110407751, -0.0, -0.58, -0.8769077414303856
-0.04630520705491303, -2.0597312122052713, -0.0, -0.58, -0.5846305207054913
1.1228973996149176, -1.85857205728406, 0.0, -0.58, -0.4677102600385082
2.2921389614154677, -1.4489767298741396, 0.0, -0.58, -0.3507861038584532
1.7075139196477034, -1.157479552545671, 0.0, -0.58, -0.4092486080352296
1.1228973996149176, -0.9622102288793061, 0.0, -0.58, -0.4677102600385082
0.5382906183893887, -0.8661036981742998, 0.0, -0.58, -0.5261709381610611
-0.04630520705491303, -0.8743265050352775, -0.0, -0.58, -0.5846305207054913
-0.6308888598940177, -0.9820138646643467, -0.0, -0.58, -0.6430888859894017
-0.6308888598940177, -1.091716492844494, -0.0, -0.58, -0.6430888859894017
-0.6308888598940177, -1.2044924130858161, -0.0, -0.58, -0.6430888859894017
-0.6308888598940177, -1.314881237349708, -0.0, -0.58, -0.6430888859894017
-0.6308888598940177, -1.4225725077850417, -0.0, -0.58, -0.6430888859894017
-0.6308888598940177, -1.5339023322023557, -0.0, -0.58, -0.6430888859894017
-0.04630520705491303, -1.5421756582025001, -0.0, -0.58, -0.5846305207054913
1.1228973996149176, -1.351031358171348, 0.0, -0.58, -0.4677102600385082
2.2921389614154677, -0.9541200291779594, 0.0, -0.58, -0.3507861038584532
3.461409741273507, -0.3372976161002211, 0.0, -0.58, -0.23385902587264923
4.046053044692794, 0.3864631504946919, 0.0, -0.58, -0.17539469553072048
4.046053044692794, 1.0851679884342544, 0.0, -0.58, -0.17539469553072048
2.8767713077094847, 1.579246799308292, 0.0, -0.58, -0.2923228692290515
1.1228973996149176, 1.779037371621559, 0.0, -0.58, -0.4677102600385082
-0.6308888598940177, 1.666460601668461, -0.0, -0.58, -0.6430888859894017
-1.8000147812255851, 1.357936225194719, -0.0, -0.58, -0.7600014781225585
-1.8000147812255851, 1.0469416212217932, -0.0, -0.58, -0.7600014781225585
-1.8000147812255851, 0.733042482899585, -0.0, -0.58, -0.7600014781225585
-1.8000147812255851, 0.4263729228350627, -0.0, -0.58, -0.7600014781225585
-1.8000147812255851, 0.11367027413546074, -0.0, -0.58, -0.7600014781225585
-1.8000147812255851, -0.19271432570330443, -0.0, -0.58, -0.7600014781225585
-2.384554616881526, -0.6042265573460563, -0.0, -0.58, -0.8184554616881525
-2.9690774143038565, -1.1339737953392843, -0.0, -0.58, -0.8769077414303856
-2.9690774143038565, -1.6408040220212978, -0.0, -0.58, -0.8769077414303856
-2.384554616881526, -2.0511621537532494, -0.0, -0.58, -0.8184554616881525
-1.215459123454744, -2.268065022118631, -0.0, -0.58, -0.7015459123454744
0.5382906183893887, -2.1755822568585814, 0.0, -0.58, -0.5261709381610611
1.1228973996149176, -1.9828198595499613, 0.0, -0.58, -0.4677102600385082
2.2921389614154677, -1.576184313933403, 0.0, -0.58, -0.3507861038584532
2.2921389614154677, -1.1676349655398224, 0.0, -0.58, -0.3507861038584532
2.2921389614154677, -0.7577193958605316, 0.0, -0.58, -0.3507861038584532
2.2921389614154677, -0.36682490540941, 0.0, -0.58, -0.3507861038584532
2.2921389614154677, 0.0331784555977975, 0.0, -0.58, -0.3507861038584532
2.2921389614154677, 0.4404238823962966, 0.0, -0.58, -0.3507861038584532
1.7075139196477034, 0.7314618474928045, 0.0, -0.58, -0.4092486080352296
1.1228973996149176, 0.9261759207035989, 0.0, -0.58, -0.4677102600385082
-0.04630520705491303, 0.9179111838403144, -0.0, -0.58, -0.5846305207054913
-0.6308888598940177, 0.8051512076553003, -0.0, -0.58, -0.6430888859894017
-1.8000147812255851, 0.49798296719570323, -0.0, -0.58, -0.7600014781225585
-2.384554616881526, 0.08421711385521113, -0.0, -0.58, -0.8184554616881525
-3.553581957573766, -0.5495810727640795, -0.0, -0.58, -0.9353581957573766
-3.553581957573766, -1.1722905827732044, -0.0, -0.58, -0.9353581957573766
-3.553581957573766, -1.7808274627139569, -0.0, -0.58, -0.9353581957573766
-2.384554616881526, -2.1990311997508565, -0.0, -0.58, -0.8184554616881525
-0.6308888598940177, -2.31143348757832, -0.0, -0.58, -0.6430888859894017
0.5382906183893887, -2.217943008538918, 0.0, -0.58, -0.5261709381610611
1.1228973996149176, -2.0258338470603805, 0.0, -0.58, -0.4677102600385082
0.5382906183893887, -1.9299968271725727, 0.0, -0.58, -0.5261709381610611
-0.04630520705491303, -1.9382814360748648, -0.0, -0.58, -0.5846305207054913
-0.04630520705491303, -1.9462323272020847, -0.0, -0.58, -0.5846305207054913
0.5382906183893887, -1.8537718928383173, 0.0, -0.58, -0.5261709381610611
1.1228973996149176, -1.6534180384814048, 0.0, -0.58, -0.4677102600385082
1.7075139196477034, -1.347494757738249, 0.0, -0.58, -0.4092486080352296
3.461409741273507, -0.7590597892235005, 0.0, -0.58, -0.23385902587264923
5.215349391476098, 0.12912419544537299, 0.0, -0.58, -0.05846506085239014
6.3846506085239, 1.215291617860954, 0.0, -0.58, 0.05846506085239014
8.138590258726492, 2.627465590304403, 0.0, -0.58, 0.23385902587264923
5.8, 3.6156896198454187, 0.0, -0.58, 0.0
4.046053044692794, 4.307497180127102, 0.0, -0.58, -0.17539469553072048
0.5382906183893887, 4.403209198331124, 0.0, -0.58, -0.5261709381610611
-1.8000147812255851, 4.081728573038698, -0.0, -0.58, -0.7600014781225585
-4.138067030994538, 3.3738862592265844, -0.0, -0.58, -0.9938067030994537
-4.138067030994538, 2.655635399162937, -0.0, -0.58, -0.9938067030994537
-2.9690774143038565, 2.126109020733838, -0.0, -0.58, -0.8769077414303856
-1.215459123454744, 1.9087007620316316, -0.0, -0.58, -0.7015459123454744
-0.04630520705491303, 1.9007829909694247, -0.0, -0.58, -0.5846305207054913
1.1228973996149176, 2.0951142251486536, 0.0, -0.58, -0.4677102600385082
2.2921389614154677, 2.502497367052752, 0.0, -0.58, -0.3507861038584532
2.2921389614154677, 2.896840200029006, 0.0, -0.58, -0.3507861038584532
-0.04630520705491303, 2.8889225172869724, -0.0, -0.58, -0.5846305207054913
-2.384554616881526, 2.4635872387323, -0.0, -0.58, -0.8184554616881525
-3.553581957573766, 1.8234533916843096, -0.0, -0.58, -0.9353581957573766
-2.9690774143038565, 1.288738229264625, -0.0, -0.58, -0.8769077414303856
-2.384554616881526, 0.8608332307115197, -0.0, -0.58, -0.8184554616881525
-2.384554616881526, 0.4534666623936723, -0.0, -0.58, -0.8184554616881525
-2.384554616881526, 0.042005597742039574, -0.0, -0.58, -0.8184554616881525
-2.384554616881526, -0.3828555333615951, -0.0, -0.58, -0.8184554616881525
-0.6308888598940177, -0.49091351709201203, -0.0, -0.58, -0.6430888859894017
0.5382906183893887, -0.3982685319877058, 0.0, -0.58, -0.5261709381610611
1.7075139196477034, -0.086509022027004, 0.0, -0.58, -0.4092486080352296
2.8767713077094847, 0.42057124913912053, 0.0, -0.58, -0.2923228692290515
3.461409741273507, 1.040024605099201, 0.0, -0.58, -0.23385902587264923
3.461409741273507, 1.6339657376387262, 0.0, -0.58, -0.23385902587264923
2.2921389614154677, 2.027315054496012, 0.0, -0.58, -0.3507861038584532
0.5382906183893887, 2.123265268927043, 0.0, -0.58, -0.5261709381610611
-1.215459123454744, 1.9157399414444858, -0.0, -0.58, -0.7015459123454744
-2.384554616881526, 1.505521666154927, -0.0, -0.58, -0.8184554616881525
-2.384554616881526, 1.0814883032631766, -0.0, -0.58, -0.8184554616881525
-1.215459123454744, 0.8643512861637614, -0.0, -0.58, -0.7015459123454744
-0.04630520705491303, 0.8564423691989347, -0.0, -0.58, -0.5846305207054913
1.1228973996149176, 1.0517732683738727, 0.0, -0.58, -0.4677102600385082
2.8767713077094847, 1.5645641408478639, 0.0, -0.58, -0.2923228692290515
4.630700000630471, 2.3524680020963418, 0.0, -0.58, -0.1169299999369529
4.046053044692794, 3.0489020440070025, 0.0, -0.58, -0.17539469553072048
2.2921389614154677, 3.4582776830341806, 0.0, -0.58, -0.3507861038584532
1.1228973996149176, 3.6594603972804114, 0.0, -0.58, -0.4677102600385082
0.5382906183893887, 3.755744035093862, 0.0, -0.58, -0.5261709381610611
1.7075139196477034, 4.047597020481492, 0.0, -0.58, -0.4092486080352296
2.8767713077094847, 4.5483494021849245, 0.0, -0.58, -0.2923228692290515
3.461409741273507, 5.166563211027917, 0.0, -0.58, -0.23385902587264923
4.630700000630471, 5.994561567387597, 0.0, -0.58, -0.1169299999369529
4.046053044692794, 6.7193217157522405, 0.0, -0.58, -0.17539469553072048
2.8767713077094847, 7.210075401098949, 0.0, -0.58, -0.2923228692290515
-0.04630520705491303, 7.202014816316407, -0.0, -0.58, -0.5846305207054913
-1.215459123454744, 6.984990236975413, -0.0, -0.58, -0.7015459123454744
-2.384554616881526, 6.575652033933105, -0.0, -0.58, -0.8184554616881525
-1.8000147812255851, 6.266707083632191, -0.0, -0.58, -0.7600014781225585
-0.6308888598940177, 6.145949508636846, -0.0, -0.58, -0.6430888859894017
1.7075139196477034, 6.437416560340169, 0.0, -0.58, -0.4092486080352296
2.2921389614154677, 6.829347193014374, 0.0, -0.58, -0.3507861038584532
3.461409741273507, 7.421824306522131, 0.0, -0.58, -0.23385902587264923
2.8767713077094847, 7.9273819335730185, 0.0, -0.58, -0.2923228692290515
2.2921389614154677, 8.336788175956997, 0.0, -0.58, -0.3507861038584532
1.1228973996149176, 8.528164856603112, 0.0, -0.58, -0.4677102600385082
0.5382906183893887, 8.621421246247007, 0.0, -0.58, -0.5261709381610611
0.5382906183893887, 8.717461297617104, 0.0, -0.58, -0.5261709381610611
0.5382906183893887, 8.813778560113462, 0.0, -0.58, -0.5261709381610611
-0.04630520705491303, 8.805489226081896, -0.0, -0.58, -0.5846305207054913
-0.6308888598940177, 8.697685444758653, -0.0, -0.58, -0.6430888859894017
-1.215459123454744, 8.48621610209021, -0.0, -0.58, -0.7015459123454744
-1.215459123454744, 8.269145736239343, -0.0, -0.58, -0.7015459123454744
-1.8000147812255851, 7.946106412844585, -0.0, -0.58, -0.7600014781225585
-1.8000147812255851, 7.637982010663622, -0.0, -0.58, -0.7600014781225585
-2.384554616881526, 7.226809755250752, -0.0, -0.58, -0.8184554616881525
-2.384554616881526, 6.801382376112064, -0.0, -0.58, -0.8184554616881525
-1.8000147812255851, 6.493329213987541, -0.0, -0.58, -0.7600014781225585
-1.215459123454744, 6.2846511096931215, -0.0, -0.58, -0.7015459123454744
-1.215459123454744, 6.06837997924877, -0.0, -0.58, -0.7015459123454744
-1.215459123454744, 5.847766664855463, -0.0, -0.58, -0.7015459123454744
-1.215459123454744, 5.641467140770136, -0.0, -0.58, -0.7015459123454744
-1.215459123454744, 5.432947260744011, -0.0, -0.58, -0.7015459123454744
-0.6308888598940177, 5.320698096023354, -0.0, -0.58, -0.6430888859894017
-0.6308888598940177, 5.2079985869198095, -0.0, -0.58, -0.6430888859894017
-0.6308888598940177, 5.100653573254485, -0.0, -0.58, -0.6430888859894017
-0.6308888598940177, 4.990765633023664, -0.0, -0.58, -0.6430888859894017
-0.04630520705491303, 4.982500852000293, -0.0, -0.58, -0.5846305207054913
-0.04630520705491303, 4.974207234440318, -0.0, -0.58, -0.5846305207054913
0.5382906183893887, 5.066344255823447, 0.0, -0.58, -0.5261709381610611
1.1228973996149176, 5.260489692598547, 0.0, -0.58, -0.4677102600385082
1.7075139196477034, 5.5655458438611385, 0.0, -0.58, -0.4092486080352296
1.7075139196477034, 5.872103391144538, 0.0, -0.58, -0.4092486080352296
1.7075139196477034, 6.178770856249418, 0.0, -0.58, -0.4092486080352296
1.1228973996149176, 6.3705159190685645, 0.0, -0.58, -0.4677102600385082
-0.6308888598940177, 6.261830702179617, -0.0, -0.58, -0.6430888859894017
-1.8000147812255851, 5.939976710326334, -0.0, -0.58, -0.7600014781225585
-2.9690774143038565, 5.410186999340006, -0.0, -0.58, -0.8769077414303856
-3.553581957573766, 4.801062134866287, -0.0, -0.58, -0.9353581957573766
-2.9690774143038565, 4.288877479520592, -0.0, -0.58, -0.8769077414303856
-2.384554616881526, 3.863676372187077, -0.0, -0.58, -0.8184554616881525
-0.6308888598940177, 3.755573263768996, -0.0, -0.58, -0.6430888859894017
0.5382906183893887, 3.8482482800786473, 0.0, -0.58, -0.5261709381610611
-0.04630520705491303, 3.84001034838798, -0.0, -0.58, -0.5846305207054913
-1.215459123454744, 3.622856523582409, -0.0, -0.58, -0.7015459123454744
-2.384554616881526, 3.2164644021843207, -0.0, -0.58, -0.8184554616881525
-1.8000147812255851, 2.904087054465327, -0.0, -0.58, -0.7600014781225585
-2.384554616881526, 2.4786846903000757, -0.0, -0.58, -0.8184554616881525
-2.9690774143038565, 1.9483173466075634, -0.0, -0.58, -0.8769077414303856
-4.138067030994538, 1.2406723512078013, -0.0, -0.58, -0.9938067030994537
-4.138067030994538, 0.5227608788133984, -0.0, -0.58, -0.9938067030994537
-4.138067030994538, -0.2155434514975163, -0.0, -0.58, -0.9938067030994537
-3.553581957573766, -0.8534033064900599, -0.0, -0.58, -0.9353581957573766
-3.553581957573766, -1.4614945382113023, -0.0, -0.58, -0.9353581957573766
-1.8000147812255851, -1.7719732955104928, -0.0, -0.58, -0.7600014781225585
-0.6308888598940177, -1.884099119418201, -0.0, -0.58, -0.6430888859894017
1.1228973996149176, -1.683735627155599, 0.0, -0.58, -0.4677102600385082
1.1228973996149176, -1.4928033610496212, 0.0, -0.58, -0.4677102600385082
1.1228973996149176, -1.2964470957971348, 0.0, -0.58, -0.4677102600385082
0.5382906183893887, -1.200592621875451, 0.0, -0.58, -0.5261709381610611
-0.04630520705491303, -1.2087219639129616, -0.0, -0.58, -0.5846305207054913
-0.6308888598940177, -1.317262480970133, -0.0, -0.58, -0.6430888859894017
-0.6308888598940177, -1.4274668956771048, -0.0, -0.58, -0.6430888859894017
-0.04630520705491303, -1.435732648222383, -0.0, -0.58, -0.5846305207054913
-0.04630520705491303, -1.4438492059147983, -0.0, -0.58, -0.5846305207054913
1.7075139196477034, -1.14983694598965, 0.0, -0.58, -0.4092486080352296
2.2921389614154677, -0.7482640699694189, 0.0, -0.58, -0.3507861038584532
3.461409741273507, -0.12937849591117379, 0.0, -0.58, -0.23385902587264923
4.046053044692794, 0.5930259668533926, 0.0, -0.58, -0.17539469553072048
4.630700000630471, 1.3809430766408435, 0.0, -0.58, -0.1169299999369529
2.8767713077094847, 1.8821591103361226, 0.0, -0.58, -0.2923228692290515
1.7075139196477034, 2.186945759384567, 0.0, -0.58, -0.4092486080352296
-0.6308888598940177, 2.073675272566446, -0.0, -0.58, -0.6430888859894017
-2.384554616881526, 1.6664508347794853, -0.0, -0.58, -0.8184554616881525
-3.553581957573766, 1.0525797320439891, -0.0, -0.58, -0.9353581957573766
-3.553581957573766, 0.4199439586512532, -0.0, -0.58, -0.9353581957573766
-2.9690774143038565, -0.11204443761130535, -0.0, -0.58, -0.8769077414303856
-2.384554616881526, -0.520998319698096, -0.0, -0.58, -0.8184554616881525
-1.8000147812255851, -0.8322847504082426, -0.0, -0.58, -0.7600014781225585
-1.215459123454744, -1.0482973899234378, -0.0, -0.58, -0.7015459123454744
-1.215459123454744, -1.266686291343428, -0.0, -0.58, -0.7015459123454744
-1.215459123454744, -1.4831938888261098, -0.0, -0.58, -0.7015459123454744
-1.215459123454744, -1.6902891708615064, -0.0, -0.58, -0.7015459123454744
-0.6308888598940177, -1.8003049643740423, -0.0, -0.58, -0.6430888859894017
-0.6308888598940177, -1.9131284159530373, -0.0, -0.58, -0.6430888859894017
-0.6308888598940177, -2.0243947649763703, -0.0, -0.58, -0.6430888859894017
0.5382906183893887, -1.9327682740841048, 0.0, -0.58, -0.5261709381610611
2.2921389614154677, -1.5309964762446744, 0.0, -0.58, -0.3507861038584532
4.046053044692794, -0.8051790668572301, 0.0, -0.58, -0.17539469553072048
5.215349391476098, 0.08292036415062584, 0.0, -0.58, -0.05846506085239014
5.8, 1.0842674291225496, 0.0, -0.58, 0.0
5.8, 2.1175633466335357, 0.0, -0.58, 0.0
5.215349391476098, 3.0482827965389814, 0.0, -0.58, -0.05846506085239014
2.8767713077094847, 3.5404589881447004, 0.0, -0.58, -0.2923228692290515
-0.04630520705491303, 3.53244117240611, -0.0, -0.58, -0.5846305207054913
-2.384554616881526, 3.107284409798231, -0.0, -0.58, -0.8184554616881525
-2.9690774143038565, 2.6018090715961604, -0.0, -0.58, -0.8769077414303856
-2.384554616881526, 2.1924458535804163, -0.0, -0.58, -0.8184554616881525
-0.6308888598940177, 2.079201839912392, -0.0, -0.58, -0.6430888859894017
-0.6308888598940177, 1.9675799083502656, -0.0, -0.58, -0.6430888859894017
-1.8000147812255851, 1.6604151011464006, -0.0, -0.58, -0.7600014781225585
-2.9690774143038565, 1.1525655226299474, -0.0, -0.58, -0.8769077414303856
-4.722531419131229, 0.3483724346079234, -0.0, -0.58, -1.052253141913123
-7.0601578192881655, -0.8769255983346476, -0.0, -0.58, -1.2860157819288165
-8.813100908810563, -2.3860839040126924, -0.0, -0.58, -1.4613100908810563
-7.0601578192881655, -3.591475552875592, -0.0, -0.58, -1.2860157819288165
-4.138067030994538, -4.32583351493948, -0.0, -0.58, -0.9938067030994537
-1.215459123454744, -4.539225891022583, -0.0, -0.58, -0.7015459123454744
-0.04630520705491303, -4.54715072769866, -0.0, -0.58, -0.5846305207054913
-0.04630520705491303, -4.555269802516016, -0.0, -0.58, -0.5846305207054913
-1.8000147812255851, -4.876739269727313, -0.0, -0.58, -0.7600014781225585
-4.722531419131229, -5.720178095575026, -0.0, -0.58, -1.052253141913123
-8.22881532651547, -7.118920376694815, -0.0, -0.58, -1.402881532651547
-9.412872148182013, -8.761381179093895, -0.0, -0.58, -1.5212872148182013
-7.0601578192881655, -10.023579918259582, -0.0, -0.58, -1.2860157819288165
-2.384554616881526, -10.442545474942035, -0.0, -0.58, -0.8184554616881525
2.8767713077094847, -9.952916625788564, 0.0, -0.58, -0.2923228692290515
5.8, -8.932870963862294, 0.0, -0.58, 0.0
5.215349391476098, -7.9990081072649035, 0.0, -0.58, -0.05846506085239014
1.1228973996149176, -7.7994268916807865, 0.0, -0.58, -0.4677102600385082
-3.553581957573766, -8.408861845980248, -0.0, -0.58, -0.9353581957573766
-5.306973906795759, -9.33155802292392, -0.0, -0.58, -1.1106973906795758
-6.475788321345285, -10.488358161443044, -0.0, -0.58, -1.2275788321345285
-3.553581957573766, -11.096186748776361, -0.0, -0.58, -0.9353581957573766
0.5382906183893887, -11.00390342152104, 0.0, -0.58, -0.5261709381610611
2.2921389614154677, -10.595062248260831, 0.0, -0.58, -0.3507861038584532
3.461409741273507, -9.979058497460159, 0.0, -0.58, -0.23385902587264923
1.1228973996149176, -9.785610737969156, 0.0, -0.58, -0.4677102600385082
-1.8000147812255851, -10.092089752340552, -0.0, -0.58, -0.7600014781225585
-4.138067030994538, -10.821704179771512, -0.0, -0.58, -0.9938067030994537
-5.306973906795759, -11.727346896995577, -0.0, -0.58, -1.1106973906795758
-3.553581957573766, -12.348483929637, -0.0, -0.58, -0.9353581957573766
-0.6308888598940177, -12.456624942792718, -0.0, -0.58, -0.6430888859894017
3.461409741273507, -11.86642555900744, 0.0, -0.58, -0.23385902587264923
3.461409741273507, -11.250136266727067, 0.0, -0.58, -0.23385902587264923
4.046053044692794, -10.56025029764741, 0.0, -0.58, -0.17539469553072048
1.7075139196477034, -10.26584640459536, 0.0, -0.58, -0.4092486080352296
-1.215459123454744, -10.48167821637536, -0.0, -0.58, -0.7015459123454744
-2.9690774143038565, -11.00338814830732, -0.0, -0.58, -0.8769077414303856
-3.553581957573766, -11.60479296225599, -0.0, -0.58, -0.9353581957573766
-0.6308888598940177, -11.716367362480442, -0.0, -0.58, -0.6430888859894017
2.2921389614154677, -11.30655890454995, 0.0, -0.58, -0.3507861038584532
5.8, -10.266794118783348, 0.0, -0.58, 0.0
7.553946955307205, -8.969028602250626, 0.0, -0.58, 0.17539469553072048
8.138590258726492, -7.557207780991995, 0.0, -0.58, 0.23385902587264923
5.8, -6.52274475685259, 0.0, -0.58, 0.0
2.8767713077094847, -6.0202406485409075, 0.0, -0.58, -0.2923228692290515
-0.6308888598940177, -6.127934927288752, -0.0, -0.58, -0.6430888859894017
-2.9690774143038565, -6.650647221857909, -0.0, -0.58, -0.8769077414303856
-2.9690774143038565, -7.1807979532856026, -0.0, -0.58, -0.8769077414303856
-2.384554616881526, -7.604478832460754, -0.0, -0.58, -0.8184554616881525
1.1228973996149176, -7.413821782106139, 0.0, -0.58, -0.4677102600385082
3.461409741273507, -6.806169706954558, 0.0, -0.58, -0.23385902587264923
5.8, -5.768564898147185, 0.0, -0.58, 0.0
2.8767713077094847, -5.269625971867486, 0.0, -0.58, -0.2923228692290515
1.7075139196477034, -4.975741542297688, 0.0, -0.58, -0.4092486080352296
1.7075139196477034, -4.674535771611237, 0.0, -0.58, -0.4092486080352296
2.8767713077094847, -4.1591344561180605, 0.0, -0.58, -0.2923228692290515
4.630700000630471, -3.331937636366231, 0.0, -0.58, -0.1169299999369529
5.8, -2.339050711622579, 0.0, -0.58, 0.0
6.969299999369528, -1.132664918951791, 0.0, -0.58, 0.1169299999369529
8.138590258726492, 0.31849927276495116, 0.0, -0.58, 0.23385902587264923
8.138590258726492, 1.7744407074323676, 0.0, -0.58, 0.23385902587264923
8.138590258726492, 3.218464259807728, 0.0, -0.58, 0.23385902587264923
6.3846506085239, 4.317722768428149, 0.0, -0.58, 0.05846506085239014
4.630700000630471, 5.1236424345897404, 0.0, -0.58, -0.1169299999369529
2.2921389614154677, 5.521300266893641, 0.0, -0.58, -0.3507861038584532
-0.6308888598940177, 5.413416765288858, -0.0, -0.58, -0.6430888859894017
-1.8000147812255851, 5.095997681527403, -0.0, -0.58, -0.7600014781225585
-1.8000147812255851, 4.773180661441291, -0.0, -0.58, -0.7600014781225585
-0.6308888598940177, 4.659960714273355, -0.0, -0.58, -0.6430888859894017
0.5382906183893887, 4.7520417800772945, 0.0, -0.58, -0.5261709381610611
1.1228973996149176, 4.945860598937352, 0.0, -0.58, -0.4677102600385082
1.1228973996149176, 5.145202473196841, 0.0, -0.58, -0.4677102600385082
-0.6308888598940177, 5.032282153954995, -0.0, -0.58, -0.6430888859894017
-2.384554616881526, 4.625221450539615, -0.0, -0.58, -0.8184554616881525
-3.553581957573766, 4.009108550867192, -0.0, -0.58, -0.9353581957573766
-3.553581957573766, 3.375381532404629, -0.0, -0.58, -0.9353581957573766
-2.384554616881526, 2.948833027638307, -0.0, -0.58, -0.8184554616881525
-1.215459123454744, 2.7414073872405362, -0.0, -0.58, -0.7015459123454744
0.5382906183893887, 2.8347495069919955, 0.0, -0.58, -0.5261709381610611
2.2921389614154677, 3.2430015656338056, 0.0, -0.58, -0.3507861038584532
2.8767713077094847, 3.7594728472620136, 0.0, -0.58, -0.2923228692290515
1.7075139196477034, 4.051330717886154, 0.0, -0.58, -0.4092486080352296
0.5382906183893887, 4.1443725255841635, 0.0, -0.58, -0.5261709381610611
-0.04630520705491303, 4.136130575325608, -0.0, -0.58, -0.5846305207054913
-0.04630520705491303, 4.127834639361081, -0.0, -0.58, -0.5846305207054913
-0.04630520705491303, 4.11990626987807, -0.0, -0.58, -0.5846305207054913
0.5382906183893887, 4.212881854918139, 0.0, -0.58, -0.5261709381610611
1.1228973996149176, 4.413301568297266, 0.0, -0.58, -0.4677102600385082
1.1228973996149176, 4.614317760950746, 0.0, -0.58, -0.4677102600385082
1.1228973996149176, 4.8064997421611615, 0.0, -0.58, -0.4677102600385082
0.5382906183893887, 4.899354689025913, 0.0, -0.58, -0.5261709381610611
0.5382906183893887, 4.995070557384467, 0.0, -0.58, -0.5261709381610611
-0.6308888598940177, 4.881854521022794, -0.0, -0.58, -0.6430888859894017
-1.8000147812255851, 4.574311197374475, -0.0, -0.58, -0.7600014781225585
-2.9690774143038565, 4.061057638369055, -0.0, -0.58, -0.8769077414303856
-2.9690774143038565, 3.532200917464525, -0.0, -0.58, -0.8769077414303856
-1.8000147812255851, 3.2090577380838714, -0.0, -0.58, -0.7600014781225585
-0.6308888598940177, 3.0993788755725604, -0.0, -0.58, -0.6430888859894017
-0.04630520705491303, 3.0915076271616755, -0.0, -0.58, -0.5846305207054913
-0.04630520705491303, 3.083277335166005, -0.0, -0.58, -0.5846305207054913
-1.215459123454744, 2.872784578182826, -0.0, -0.58, -0.7015459123454744
-2.384554616881526, 2.4651826417058302, -0.0, -0.58, -0.8184554616881525
-2.9690774143038565, 1.9383065780462738, -0.0, -0.58, -0.8769077414303856
-2.9690774143038565, 1.407321960187351, -0.0, -0.58, -0.8769077414303856
-2.9690774143038565, 0.8822382568366843, -0.0, -0.58, -0.8769077414303856
-2.384554616881526, 0.4739518197229379, -0.0, -0.58, -0.8184554616881525
-1.8000147812255851, 0.1592801988610265, -0.0, -0.58, -0.7600014781225585
-0.6308888598940177, 0.04646817886957309, -0.0, -0.58, -0.6430888859894017
-0.6308888598940177, -0.06584115210130247, -0.0, -0.58, -0.6430888859894017
-0.04630520705491303, -0.07382337481002495, -0.0, -0.58, -0.5846305207054913
0.5382906183893887, 0.022441268907737587, 0.0, -0.58, -0.5261709381610611
1.1228973996149176, 0.21739414800395568, 0.0, -0.58, -0.4677102600385082
2.2921389614154677, 0.6268943864123906, 0.0, -0.58, -0.3507861038584532
3.461409741273507, 1.2171350334172786, 0.0, -0.58, -0.23385902587264923
4.046053044692794, 1.9147420948568876, 0.0, -0.58, -0.17539469553072048
3.461409741273507, 2.5307573993590515, 0.0, -0.58, -0.23385902587264923
2.2921389614154677, 2.9416041854666823, 0.0, -0.58, -0.3507861038584532
0.5382906183893887, 3.0334819631113645, 0.0, -0.58, -0.5261709381610611
-1.215459123454744, 2.822863438120054, -0.0, -0.58, -0.7015459123454744
-2.384554616881526, 2.3972677764327965, -0.0, -0.58, -0.8184554616881525
-1.8000147812255851, 2.062453244191165, -0.0, -0.58, -0.7600014781225585
-0.04630520705491303, 2.054551989001378, -0.0, -0.58, -0.5846305207054913
2.2921389614154677, 2.446037780024955, 0.0, -0.58, -0.3507861038584532
3.461409741273507, 3.049901891616326, 0.0, -0.58, -0.23385902587264923
3.461409741273507, 3.668744551926176, 0.0, -0.58, -0.23385902587264923
2.2921389614154677, 4.060180066006439, 0.0, -0.58, -0.3507861038584532
-0.6308888598940177, 3.951414226342198, -0.0, -0.58, -0.6430888859894017
-2.384554616881526, 3.5268544119640435, -0.0, -0.58, -0.8184554616881525
-2.9690774143038565, 2.9976168498880353, -0.0, -0.58, -0.8769077414303856
-2.384554616881526, 2.5909836751095634, -0.0, -0.58, -0.8184554616881525
0.5382906183893887, 2.68451881594153, 0.0, -0.58, -0.5261709381610611
3.461409741273507, 3.302410771671563, 0.0, -0.58, -0.23385902587264923
5.8, 4.338771035496026, 0.0, -0.58, 0.0
5.8, 5.328906132999688, 0.0, -0.58, 0.0
5.8, 6.335422208133965, 0.0, -0.58, 0.0
3.461409741273507, 6.951732957288538, 0.0, -0.58, -0.23385902587264923
0.5382906183893887, 7.048044572891583, 0.0, -0.58, -0.5261709381610611
-1.8000147812255851, 6.741121810216825, -0.0, -0.58, -0.7600014781225585
-3.553581957573766, 6.124332813055488, -0.0, -0.58, -0.9353581957573766
-2.9690774143038565, 5.594902706744085, -0.0, -0.58, -0.8769077414303856
-1.215459123454744, 5.378442634499498, -0.0, -0.58, -0.7015459123454744
-0.04630520705491303, 5.3705496814060085, -0.0, -0.58, -0.5846305207054913
-0.04630520705491303, 5.362477394200493, -0.0, -0.58, -0.5846305207054913
-1.215459123454744, 5.145710146636508, -0.0, -0.58, -0.7015459123454744
-2.9690774143038565, 4.612919010804328, -0.0, -0.58, -0.8769077414303856
-4.138067030994538, 3.9065881560308258, -0.0, -0.58, -0.9938067030994537
-4.722531419131229, 3.0886383424879655, -0.0, -0.58, -1.052253141913123
-4.138067030994538, 2.3532562978639744, -0.0, -0.58, -0.9938067030994537
-2.9690774143038565, 1.8216147643784124, -0.0, -0.58, -0.8769077414303856
-2.384554616881526, 1.408643704966639, -0.0, -0.58, -0.8184554616881525
-1.8000147812255851, 1.1006471915616935, -0.0, -0.58, -0.7600014781225585
-1.8000147812255851, 0.7806900735003484, -0.0, -0.58, -0.7600014781225585
-1.215459123454744, 0.564512254803966, -0.0, -0.58, -0.7015459123454744
-0.04630520705491303, 0.5565929381387251, -0.0, -0.58, -0.5846305207054913
1.1228973996149176, 0.7517728434578573, 0.0, -0.58, -0.4677102600385082
1.7075139196477034, 1.0558959145469962, 0.0, -0.58, -0.4092486080352296
2.8767713077094847, 1.566936432164192, 0.0, -0.58, -0.2923228692290515
2.8767713077094847, 2.057336205635468, 0.0, -0.58, -0.2923228692290515
2.2921389614154677, 2.4585330975578716, 0.0, -0.58, -0.3507861038584532
0.5382906183893887, 2.5545236102729985, 0.0, -0.58, -0.5261709381610611
-0.6308888598940177, 2.4423809398152287, -0.0, -0.58, -0.6430888859894017
-1.8000147812255851, 2.135370629119304, -0.0, -0.58, -0.7600014781225585
-1.8000147812255851, 1.8217504428253217, -0.0, -0.58, -0.7600014781225585
-1.215459123454744, 1.604871916655062, -0.0, -0.58, -0.7015459123454744
-0.6308888598940177, 1.4940950200772587, -0.0, -0.58, -0.6430888859894017
-0.6308888598940177, 1.3862981578727913, -0.0, -0.58, -0.6430888859894017
-0.04630520705491303, 1.3781696107168409, -0.0, -0.58, -0.5846305207054913
0.5382906183893887, 1.4738718751960498, 0.0, -0.58, -0.5261709381610611
0.5382906183893887, 1.5692029847784315, 0.0, -0.58, -0.5261709381610611
-0.04630520705491303, 1.561264458475483, -0.0, -0.58, -0.5846305207054913
-0.04630520705491303, 1.5531516764704787, -0.0, -0.58, -0.5846305207054913
-0.6308888598940177, 1.440373650410399, -0.0, -0.58, -0.6430888859894017
-0.6308888598940177, 1.3272129669989277, -0.0, -0.58, -0.6430888859894017
-0.6308888598940177, 1.216787441322402, -0.0, -0.58, -0.6430888859894017
-0.04630520705491303, 1.2088432404483145, -0.0, -0.58, -0.5846305207054913
-0.04630520705491303, 1.2006931210900191, -0.0, -0.58, -0.5846305207054913
-0.6308888598940177, 1.0875914006037621, -0.0, -0.58, -0.6430888859894017
-1.8000147812255851, 0.7806892374633961, -0.0, -0.58, -0.7600014781225585
-2.384554616881526, 0.368714228812077, -0.0, -0.58, -0.8184554616881525
-3.553581957573766, -0.26325900293112126, -0.0, -0.58, -0.9353581957573766
-4.138067030994538, -0.9860738378724552, -0.0, -0.58, -0.9938067030994537
-3.553581957573766, -1.592482451031061, -0.0, -0.58, -0.9353581957573766
-1.8000147812255851, -1.9101058135085702, -0.0, -0.58, -0.7600014781225585
-0.6308888598940177, -2.0218664282774506, -0.0, -0.58, -0.6430888859894017
1.1228973996149176, -1.8273440423020415, 0.0, -0.58, -0.4677102600385082
1.1228973996149176, -1.63482205719646, 0.0, -0.58, -0.4677102600385082
1.1228973996149176, -1.4215255663766246, 0.0, -0.58, -0.4677102600385082
0.5382906183893887, -1.329395988625589, 0.0, -0.58, -0.5261709381610611
0.5382906183893887, -1.2334257533909945, 0.0, -0.58, -0.5261709381610611
0.5382906183893887, -1.1373012552981752, 0.0, -0.58, -0.5261709381610611
0.5382906183893887, -1.0446698740732132, 0.0, -0.58, -0.5261709381610611
1.1228973996149176, -0.8516927656433937, 0.0, -0.58, -0.4677102600385082
1.7075139196477034, -0.5473889408033765, 0.0, -0.58, -0.4092486080352296
2.8767713077094847, -0.058462428394951624, 0.0, -0.58, -0.2923228692290515
4.046053044692794, 0.641820583845071, 0.0, -0.58, -0.17539469553072048
4.046053044692794, 1.3619079471782771, 0.0, -0.58, -0.17539469553072048
4.046053044692794, 2.0734291810566625, 0.0, -0.58, -0.17539469553072048
1.7075139196477034, 2.365175505447153, 0.0, -0.58, -0.4092486080352296
0.5382906183893887, 2.4596192827485304, 0.0, -0.58, -0.5261709381610611
-1.215459123454744, 2.242234786665372, -0.0, -0.58, -0.7015459123454744
-1.8000147812255851, 1.9185989350871748, -0.0, -0.58, -0.7600014781225585
-1.8000147812255851, 1.5965037570187186, -0.0, -0.58, -0.7600014781225585
-0.6308888598940177, 1.4886704942328688, -0.0, -0.58, -0.6430888859894017
0.5382906183893887, 1.582185614261272, 0.0, -0.58, -0.5261709381610611
2.2921389614154677, 1.9907764957819383, 0.0, -0.58, -0.3507861038584532
2.8767713077094847, 2.50670730733681, 0.0, -0.58, -0.2923228692290515
1.7075139196477034, 2.7984422328421092, 0.0, -0.58, -0.4092486080352296
-0.04630520705491303, 2.7904514651566137, -0.0, -0.58, -0.5846305207054913
-1.215459123454744, 2.5571193538119097, -0.0, -0.58, -0.7015459123454744
-1.215459123454744, 2.348939684941423, -0.0, -0.58, -0.7015459123454744
0.5382906183893887, 2.441352120712032, 0.0, -0.58, -0.5261709381610611
2.2921389614154677, 2.830215859844074, 0.0, -0.58, -0.3507861038584532
3.461409741273507, 3.535267289092207, 0.0, -0.58, -0.23385902587264923
4.046053044692794, 4.237606944124761, 0.0, -0.58, -0.17539469553072048
2.8767713077094847, 4.7289738023719305, 0.0, -0.58, -0.2923228692290515
1.7075139196477034, 5.020655804481703, 0.0, -0.58, -0.4092486080352296
-0.04630520705491303, 5.012415068625532, -0.0, -0.58, -0.5846305207054913
0.5382906183893887, 5.112465697632508, 0.0, -0.58, -0.5261709381610611
1.1228973996149176, 5.310934270548664, 0.0, -0.58, -0.4677102600385082
1.7075139196477034, 5.603632401852563, 0.0, -0.58, -0.4092486080352296
1.1228973996149176, 5.7955680810286845, 0.0, -0.58, -0.4677102600385082
-1.215459123454744, 5.580949321972277, -0.0, -0.58, -0.7015459123454744
-2.9690774143038565, 5.071075197451313, -0.0, -0.58, -0.8769077414303856
-4.722531419131229, 4.261259168911114, -0.0, -0.58, -1.052253141913123
-4.722531419131229, 3.423274392696969, -0.0, -0.58, -1.052253141913123
-2.9690774143038565, 2.911614986699298, -0.0, -0.58, -0.8769077414303856
-1.215459123454744, 2.70315074597631, -0.0, -0.58, -0.7015459123454744
-0.6308888598940177, 2.591077567537543, -0.0, -0.58, -0.6430888859894017
-0.6308888598940177, 2.478304655608732, -0.0, -0.58, -0.6430888859894017
-0.6308888598940177, 2.3635477615789564, -0.0, -0.58, -0.6430888859894017
-1.215459123454744, 2.1453211414597817, -0.0, -0.58, -0.7015459123454744
-2.384554616881526, 1.7389654054776007, -0.0, -0.58, -0.8184554616881525
-2.9690774143038565, 1.2268161442928238, -0.0, -0.58, -0.8769077414303856
-4.138067030994538, 0.49092501816496614, -0.0, -0.58, -0.9938067030994537
-4.722531419131229, -0.3161865043430627, -0.0, -0.58, -1.052253141913123
-5.306973906795759, -1.230972143360708, -0.0, -0.58, -1.1106973906795758
-4.138067030994538, -1.9666856829174495, -0.0, -0.58, -0.9938067030994537
-1.8000147812255851, -2.289022905515013, -0.0, -0.58, -0.7600014781225585
-0.04630520705491303, -2.2969707495962517, -0.0, -0.58, -0.5846305207054913
1.7075139196477034, -2.002246059346696, 0.0, -0.58, -0.4092486080352296
2.2921389614154677, -1.593932793991286, 0.0, -0.58, -0.3507861038584532
1.1228973996149176, -1.3931848563795037, 0.0, -0.58, -0.4677102600385082
-0.6308888598940177, -1.5009672786839188, -0.0, -0.58, -0.6430888859894017
-2.9690774143038565, -2.0147390082051784, -0.0, -0.58, -0.8769077414303856
-3.553581957573766, -2.647261251443134, -0.0, -0.58, -0.9353581957573766
-3.553581957573766, -3.2623405183630814, -0.0, -0.58, -0.9353581957573766
-2.384554616881526, -3.6696763864862576, -0.0, -0.58, -0.8184554616881525
-1.215459123454744, -3.8857979863034284, -0.0, -0.58, -0.7015459123454744
-0.04630520705491303, -3.894062325725933, -0.0, -0.58, -0.5846305207054913
2.2921389614154677, -3.4841412911614986, 0.0, -0.58, -0.3507861038584532
4.046053044692794, -2.7932752333964714, 0.0, -0.58, -0.17539469553072048
4.630700000630471, -1.9886760049524985, 0.0, -0.58, -0.1169299999369529
4.630700000630471, -1.164338661528955, 0.0, -0.58, -0.1169299999369529
4.630700000630471, -0.3623604357117577, 0.0, -0.58, -0.1169299999369529
4.630700000630471, 0.426671759439233, 0.0, -0.58, -0.1169299999369529
4.630700000630471, 1.2539326137960969, 0.0, -0.58, -0.1169299999369529
4.046053044692794, 1.9782065764349248, 0.0, -0.58, -0.17539469553072048
3.461409741273507, 2.5967851521392706, 0.0, -0.58, -0.23385902587264923
3.461409741273507, 3.1892077981971423, 0.0, -0.58, -0.23385902587264923
2.8767713077094847, 3.688975262355764, 0.0, -0.58, -0.2923228692290515
2.2921389614154677, 4.097230599928659, 0.0, -0.58, -0.3507861038584532
1.1228973996149176, 4.297803448920411, 0.0, -0.58, -0.4677102600385082
1.1228973996149176, 4.491637260078209, 0.0, -0.58, -0.4677102600385082
1.1228973996149176, 4.6850014910532325, 0.0, -0.58, -0.4677102600385082
1.1228973996149176, 4.88439369659799, 0.0, -0.58, -0.4677102600385082
1.1228973996149176, 5.08444984675693, 0.0, -0.58, -0.4677102600385082
0.5382906183893887, 5.175954416089034, 0.0, -0.58, -0.5261709381610611
0.5382906183893887, 5.26984787796939, 0.0, -0.58, -0.5261709381610611
-0.04630520705491303, 5.261581043501988, -0.0, -0.58, -0.5846305207054913
-0.04630520705491303, 5.2532550786785155, -0.0, -0.58, -0.5846305207054913
-0.04630520705491303, 5.244977093789226, -0.0, -0.58, -0.5846305207054913
0.5382906183893887, 5.337027101679946, 0.0, -0.58, -0.5261709381610611
0.5382906183893887, 5.430387445496187, 0.0, -0.58, -0.5261709381610611
1.1228973996149176, 5.63072523667695, 0.0, -0.58, -0.4677102600385082
2.2921389614154677, 6.023223124428982, 0.0, -0.58, -0.3507861038584532
2.8767713077094847, 6.517959004250045, 0.0, -0.58, -0.2923228692290515
2.8767713077094847, 7.029936428111121, 0.0, -0.58, -0.2923228692290515
2.8767713077094847, 7.541712204508287, 0.0, -0.58, -0.2923228692290515
2.8767713077094847, 8.048079164917723, 0.0, -0.58, -0.2923228692290515
2.8767713077094847, 8.540173051436133, 0.0, -0.58, -0.2923228692290515
3.461409741273507, 9.150852196378313, 0.0, -0.58, -0.23385902587264923
3.461409741273507, 9.767755485366488, 0.0, -0.58, -0.23385902587264923
3.461409741273507, 10.35990084258858, 0.0, -0.58, -0.23385902587264923
4.630700000630471, 11.162298605473248, 0.0, -0.58, -0.1169299999369529
4.630700000630471, 11.987872479200917, 0.0, -0.58, -0.1169299999369529
5.215349391476098, 12.919196239095399, 0.0, -0.58, -0.05846506085239014
4.630700000630471, 13.711650973481015, 0.0, -0.58, -0.1169299999369529
4.046053044692794, 14.413836283838709, 0.0, -0.58, -0.17539469553072048
2.8767713077094847, 14.92809767387264, 0.0, -0.58, -0.2923228692290515
2.8767713077094847, 15.419209386349149, 0.0, -0.58, -0.2923228692290515
3.461409741273507, 16.011386103618143, 0.0, -0.58, -0.23385902587264923
3.461409741273507, 16.65294664211655, 0.0, -0.58, -0.23385902587264923
2.2921389614154677, 17.06434319566955, 0.0, -0.58, -0.3507861038584532
0.5382906183893887, 17.158315714056286, 0.0, -0.58, -0.5261709381610611
-0.6308888598940177, 17.050045042631346, -0.0, -0.58, -0.6430888859894017
-1.215459123454744, 16.841843929446107, -0.0, -0.58, -0.7015459123454744
-0.04630520705491303, 16.833628894760388, -0.0, -0.58, -0.5846305207054913
1.1228973996149176, 17.033241701257598, 0.0, -0.58, -0.4677102600385082
2.8767713077094847, 17.527496096317897, 0.0, -0.58, -0.2923228692290515
2.8767713077094847, 18.024649002202967, 0.0, -0.58, -0.2923228692290515
1.1228973996149176, 18.224701404287472, 0.0, -0.58, -0.4677102600385082
-1.8000147812255851, 17.90423101449419, -0.0, -0.58, -0.7600014781225585
-3.553581957573766, 17.296693877707472, -0.0, -0.58, -0.9353581957573766
-5.306973906795759, 16.376728177546326, -0.0, -0.58, -1.1106973906795758
-4.138067030994538, 15.639530803528704, -0.0, -0.58, -0.9938067030994537
-1.215459123454744, 15.433052190436404, -0.0, -0.58, -0.7015459123454744
0.5382906183893887, 15.52542407124595, 0.0, -0.58, -0.5261709381610611
-0.04630520705491303, 15.51717342145032, -0.0, -0.58, -0.5846305207054913
-2.9690774143038565, 15.003493716747444, -0.0, -0.58, -0.8769077414303856
-5.306973906795759, 14.095993566753801, -0.0, -0.58, -1.1106973906795758
-7.0601578192881655, 12.884269445634203, -0.0, -0.58, -1.2860157819288165
-8.22881532651547, 11.482494063314597, -0.0, -0.58, -1.402881532651547
-8.22881532651547, 10.018600925374956, -0.0, -0.58, -1.402881532651547
-7.6445005589011, 8.71544838812103, -0.0, -0.58, -1.34445005589011
-5.8913932790775645, 7.703216322683206, -0.0, -0.58, -1.1691393279077564
-4.722531419131229, 6.862754480161495, -0.0, -0.58, -1.052253141913123
-4.138067030994538, 6.132642810331408, -0.0, -0.58, -0.9938067030994537
-5.306973906795759, 5.221954151768733, -0.0, -0.58, -1.1106973906795758
-6.475788321345285, 4.091274529745438, -0.0, -0.58, -1.2275788321345285
-7.6445005589011, 2.727225583296089, -0.0, -0.58, -1.34445005589011
-8.813100908810563, 1.2038168917701053, -0.0, -0.58, -1.4613100908810563
-8.22881532651547, -0.20137612463105192, -0.0, -0.58, -1.402881532651547
-7.0601578192881655, -1.4547208488923682, -0.0, -0.58, -1.2860157819288165
-6.475788321345285, -2.6078772695411665, -0.0, -0.58, -1.2275788321345285
-6.475788321345285, -3.746103710611134, -0.0, -0.58, -1.2275788321345285
-6.475788321345285, -4.848140004697875, -0.0, -0.58, -1.2275788321345285
-5.306973906795759, -5.7908858271911035, -0.0, -0.58, -1.1106973906795758
-4.722531419131229, -6.632415060103529, -0.0, -0.58, -1.052253141913123
-4.138067030994538, -7.373274663854393, -0.0, -0.58, -0.9938067030994537
-3.553581957573766, -7.987428744736879, -0.0, -0.58, -0.9353581957573766
-3.553581957573766, -8.600286548478964, -0.0, -0.58, -0.9353581957573766
-4.138067030994538, -9.337130722538479, -0.0, -0.58, -0.9938067030994537
-4.138067030994538, -10.046977791420082, -0.0, -0.58, -0.9938067030994537
-2.9690774143038565, -10.550315322302703, -0.0, -0.58, -0.8769077414303856
-1.8000147812255851, -10.858847423601842, -0.0, -0.58, -0.7600014781225585
-0.04630520705491303, -10.866769787313064, -0.0, -0.58, -0.5846305207054913
0.5382906183893887, -10.7710688062187, 0.0, -0.58, -0.5261709381610611
0.5382906183893887, -10.679306019856023, 0.0, -0.58, -0.5261709381610611
-0.04630520705491303, -10.687279653427886, -0.0, -0.58, -0.5846305207054913
-0.04630520705491303, -10.695536662276, -0.0, -0.58, -0.5846305207054913
-0.6308888598940177, -10.808489471292965, -0.0, -0.58, -0.6430888859894017
-0.6308888598940177, -10.916149154446934, -0.0, -0.58, -0.6430888859894017
-0.6308888598940177, -11.025289829850038, -0.0, -0.58, -0.6430888859894017
0.5382906183893887, -10.929466927195513, 0.0, -0.58, -0.5261709381610611
0.5382906183893887, -10.83315685165428, 0.0, -0.58, -0.5261709381610611
2.2921389614154677, -10.443234017781556, 0.0, -0.58, -0.3507861038584532
3.461409741273507, -9.841822591963812, 0.0, -0.58, -0.23385902587264923
5.215349391476098, -8.910307342895848, 0.0, -0.58, -0.05846506085239014
5.8, -7.915196831116064, 0.0, -0.58, 0.0
5.8, -6.91986783255039, 0.0, -0.58, 0.0
5.215349391476098, -5.993637187296022, 0.0, -0.58, -0.05846506085239014
4.630700000630471, -5.168217879856369, 0.0, -0.58, -0.1169299999369529
4.630700000630471, -4.367571132205933, 0.0, -0.58, -0.1169299999369529
4.630700000630471, -3.571662945328085, 0.0, -0.58, -0.1169299999369529
5.215349391476098, -2.6421968791036052, 0.0, -0.58, -0.05846506085239014
5.8, -1.6047552439717694, 0.0, -0.58, 0.0
6.3846506085239, -0.5193550200965651, 0.0, -0.58, 0.05846506085239014
6.3846506085239, 0.5928088639709066, 0.0, -0.58, 0.05846506085239014
5.8, 1.6243043397399495, 0.0, -0.58, 0.0
5.215349391476098, 2.552037055913571, 0.0, -0.58, -0.05846506085239014
3.461409741273507, 3.1447105823466726, 0.0, -0.58, -0.23385902587264923
1.7075139196477034, 3.4418111259523663, 0.0, -0.58, -0.4092486080352296
1.1228973996149176, 3.64153798100024, 0.0, -0.58, -0.4677102600385082
1.1228973996149176, 3.843552767771019, 0.0, -0.58, -0.4677102600385082
1.7075139196477034, 4.1352258136138555, 0.0, -0.58, -0.4092486080352296
3.461409741273507, 4.732712281982284, 0.0, -0.58, -0.23385902587264923
5.215349391476098, 5.662205703802976, 0.0, -0.58, -0.05846506085239014
6.3846506085239, 6.805310217893654, 0.0, -0.58, 0.05846506085239014
6.969299999369528, 8.05341572958914, 0.0, -0.58, 0.1169299999369529
5.8, 9.03840394217459, 0.0, -0.58, 0.0
2.8767713077094847, 9.539475941967076, 0.0, -0.58, -0.2923228692290515
-0.04630520705491303, 9.531190251142661, -0.0, -0.58, -0.5846305207054913
-1.215459123454744, 9.324286808787871, -0.0, -0.58, -0.7015459123454744
-2.384554616881526, 8.913065660472375, -0.0, -0.58, -0.8184554616881525
-1.215459123454744, 8.696424760492595, -0.0, -0.58, -0.7015459123454744
-0.04630520705491303, 8.6882681716816, -0.0, -0.58, -0.5846305207054913
1.7075139196477034, 8.981081920249574, 0.0, -0.58, -0.4092486080352296
1.7075139196477034, 9.279017839298515, 0.0, -0.58, -0.4092486080352296
2.2921389614154677, 9.68819783543758, 0.0, -0.58, -0.3507861038584532
1.7075139196477034, 9.988785623705487, 0.0, -0.58, -0.4092486080352296
1.1228973996149176, 10.1799363490071, 0.0, -0.58, -0.4677102600385082
-0.6308888598940177, 10.06900632932249, -0.0, -0.58, -0.6430888859894017
-1.8000147812255851, 9.748729918478068, -0.0, -0.58, -0.7600014781225585
-2.9690774143038565, 9.219088862967594, -0.0, -0.58, -0.8769077414303856
-1.215459123454744, 9.011613958603505, -0.0, -0.58, -0.7015459123454744
-0.6308888598940177, 8.901331026939998, -0.0, -0.58, -0.6430888859894017
-0.04630520705491303, 8.893079339382329, -0.0, -0.58, -0.5846305207054913
-0.6308888598940177, 8.780156312659221, -0.0, -0.58, -0.6430888859894017
-1.8000147812255851, 8.473629232707577, -0.0, -0.58, -0.7600014781225585
-3.553581957573766, 7.85670298267255, -0.0, -0.58, -0.9353581957573766
-4.722531419131229, 7.014421622354009, -0.0, -0.58, -1.052253141913123
-4.722531419131229, 6.170077541364804, -0.0, -0.58, -1.052253141913123
-2.9690774143038565, 5.6620948808032985, -0.0, -0.58, -0.8769077414303856
-0.04630520705491303, 5.654073178977081, -0.0, -0.58, -0.5846305207054913
1.1228973996149176, 5.853802175781774, 0.0, -0.58, -0.4677102600385082
1.1228973996149176, 6.054879943943828, 0.0, -0.58, -0.4677102600385082
-0.6308888598940177, 5.94698681573901, -0.0, -0.58, -0.6430888859894017
-3.553581957573766, 5.332885263734108, -0.0, -0.58, -0.9353581957573766
-5.306973906795759, 4.385566715062911, -0.0, -0.58, -1.1106973906795758
-7.0601578192881655, 3.1211426892615646, -0.0, -0.58, -1.2860157819288165
-5.8913932790775645, 2.1109276547181994, -0.0, -0.58, -1.1691393279077564
-5.8913932790775645, 1.0944199332617568, -0.0, -0.58, -1.1691393279077564
-4.138067030994538, 0.3567785928163426, -0.0, -0.58, -0.9938067030994537
-2.9690774143038565, -0.17573363702780292, -0.0, -0.58, -0.8769077414303856
-1.8000147812255851, -0.48302804963555157, -0.0, -0.58, -0.7600014781225585
-0.6308888598940177, -0.5920868989383579, -0.0, -0.58, -0.6430888859894017
-0.04630520705491303, -0.6003311234413774, -0.0, -0.58, -0.5846305207054913
0.5382906183893887, -0.5039222272671716, 0.0, -0.58, -0.5261709381610611
1.1228973996149176, -0.308680746439466, 0.0, -0.58, -0.4677102600385082
2.2921389614154677, 0.08173829900422852, 0.0, -0.58, -0.3507861038584532
4.046053044692794, 0.8024893444393397, 0.0, -0.58, -0.17539469553072048
4.630700000630471, 1.6162830589304022, 0.0, -0.58, -0.1169299999369529
4.630700000630471, 2.407088350213913, 0.0, -0.58, -0.1169299999369529
2.8767713077094847, 2.911441579487162, 0.0, -0.58, -0.2923228692290515
0.5382906183893887, 3.0075737778890446, 0.0, -0.58, -0.5261709381610611
-1.8000147812255851, 2.7013307998492246, -0.0, -0.58, -0.7600014781225585
-0.6308888598940177, 2.592597750791353, -0.0, -0.58, -0.6430888859894017
-1.8000147812255851, 2.272354814190318, -0.0, -0.58, -0.7600014781225585
-7.6445005589011, 0.9190518640481704, -0.0, -0.58, -1.34445005589011
-14.090437891927632, -1.482074983368689, -0.0, -0.58, -1.9890437891927633
-19.933594631768393, -4.882516858595255, -0.0, -0.58, -2.5733594631768395
-21.685553020240608, -8.581450418529084, -0.0, -0.58, -2.748555302024061
-22.85324161333353, -12.568578009286126, -0.0, -0.58, -2.865324161333353
-18.765352771027164, -15.88709346299657, -0.0, -0.58, -2.4565352771027165
-15.259439372845902, -18.485354069443513, -0.0, -0.58, -2.1059439372845903
-8.813100908810563, -20.01966382286556, -0.0, -0.58, -1.4613100908810563
0.5382906183893887, -19.926400759620478, 0.0, -0.58, -0.5261709381610611
7.553946955307205, -18.63848311819448, 0.0, -0.58, 0.17539469553072048
8.138590258726492, -17.197797038554764, 0.0, -0.58, 0.23385902587264923
9.307861038584532, -15.535405721385121, 0.0, -0.58, 0.3507861038584532
3.461409741273507, -14.919644598315756, 0.0, -0.58, -0.23385902587264923
-2.384554616881526, -15.327398898721862, -0.0, -0.58, -0.8184554616881525
-11.751947565485343, -17.37378750761216, -0.0, -0.58, -1.7551947565485342
-17.012609720657487, -20.405933573194925, -0.0, -0.58, -2.281260972065749
-22.26942648634497, -20.405933573194925, -0.0, -0.58, -2.806942648634497
-24.020692037204107, -20.405933573194925, -0.0, -0.58, -2.982069203720411
-23.43699719783038, -20.405933573194925, -0.0, -0.58, -2.923699719783038
-18.765352771027164, -20.405933573194925, -0.0, -0.58, -2.4565352771027165
-12.336628035011167, -20.405933573194925, -0.0, -0.58, -1.8136628035011166
-5.8913932790775645, -20.405933573194925, -0.0, -0.58, -1.1691393279077564
-2.9690774143038565, -20.405933573194925, -0.0, -0.58, -0.8769077414303856
-8.22881532651547, -20.405933573194925, -0.0, -0.58, -1.402881532651547
-14.674959949713253, -20.405933573194925, -0.0, -0.58, -2.0474959949713254
-23.43699719783038, -20.405933573194925, -0.0, -0.58, -2.923699719783038
-26.3876489806948, -20.405933573194925, -0.0, -0.58, -3.21876489806948
-27.55551236732203, -20.405933573194925, -0.0, -0.58, -3.3355512367322033
-25.80361626045665, -20.405933573194925, -0.0, -0.58, -3.160361626045665
-24.635354777867335, -20.405933573194925, -0.0, -0.58, -3.0435354777867336
-23.43699719783038, -20.405933573194925, -0.0, -0.58, -2.923699719783038
-22.26942648634497, -20.405933573194925, -0.0, -0.58, -2.806942648634497
-22.26942648634497, -20.405933573194925, -0.0, -0.58, -2.806942648634497
-25.80361626045665, -20.405933573194925, -0.0, -0.58, -3.160361626045665
-31.640786677255267, -20.405933573194925, -0.0, -0.58, -3.744078667725527
-37.51430498029763, -20.405933573194925, -0.0, -0.58, -4.331430498029763
-44.555979169383946, -20.405933573194925, -0.0, -0.58, -5.035597916938395
-49.85098834911657, -20.405933573194925, -0.0, -0.58, -5.565098834911657
-39.263197775435955, -20.405933573194925, -0.0, -0.58, -4.506319777543595
-33.39047645306569, -20.405933573194925, -0.0, -0.58, -3.919047645306569
-28.723098342954714, -20.405933573194925, -0.0, -0.58, -3.4523098342954714
-21.685553020240608, -20.405933573194925, -0.0, -0.58, -2.748555302024061
-15.843874949688107, -20.405933573194925, -0.0, -0.58, -2.164387494968811
-10.565770416166922, -20.405933573194925, -0.0, -0.58, -1.6365770416166923
-8.813100908810563, -20.405933573194925, -0.0, -0.58, -1.4613100908810563
-7.6445005589011, -20.405933573194925, -0.0, -0.58, -1.34445005589011
-7.6445005589011, -20.405933573194925, -0.0, -0.58, -1.34445005589011
-1.215459123454744, -20.405933573194925, -0.0, -0.58, -0.7015459123454744
8.138590258726492, -19.01760700768234, 0.0, -0.58, 0.23385902587264923
15.738067030994536, -16.259742559347007, 0.0, -0.58, 0.9938067030994537
18.075788321345282, -13.030952939744218, 0.0, -0.58, 1.2275788321345285
19.244500558901102, -9.744502104915021, 0.0, -0.58, 1.34445005589011
15.738067030994536, -2.094487280623528, 0.0, -0.58, 0.9938067030994537
