5.769729614257812500e-05
5.769729614257812500e-05
7.009983062744140625e-03
7.009983062744140625e-03
6.963491439819335938e-03
6.963491439819335938e-03
5.948781967163085938e-03
5.948781967163085938e-03
6.209373474121093750e-03
6.209373474121093750e-03
1.046562194824218750e-02
1.046562194824218750e-02
5.923509597778320312e-03
5.923509597778320312e-03
5.487442016601562500e-03
5.487442016601562500e-03
6.868362426757812500e-03
6.868362426757812500e-03
1.045012474060058594e-02
1.045012474060058594e-02
8.560657501220703125e-03
8.560657501220703125e-03
9.248971939086914062e-03
9.248971939086914062e-03
1.212739944458007812e-02
1.212739944458007812e-02
1.192784309387207031e-02
1.192784309387207031e-02
1.086568832397460938e-02
1.086568832397460938e-02
5.965232849121093750e-03
5.965232849121093750e-03
1.161646842956542969e-02
1.161646842956542969e-02
7.610797882080078125e-03
7.610797882080078125e-03
8.116006851196289062e-03
8.116006851196289062e-03
8.663415908813476562e-03
8.663415908813476562e-03
1.198744773864746094e-02
1.198744773864746094e-02
1.206111907958984375e-02
1.206111907958984375e-02
1.097679138183593750e-02
1.097679138183593750e-02
1.079440116882324219e-02
1.079440116882324219e-02
1.135444641113281250e-02
1.135444641113281250e-02
8.940458297729492188e-03
8.940458297729492188e-03
1.389265060424804688e-02
1.389265060424804688e-02
9.905338287353515625e-03
9.905338287353515625e-03
9.270191192626953125e-03
9.270191192626953125e-03
8.027076721191406250e-03
8.027076721191406250e-03
7.018089294433593750e-03
7.018089294433593750e-03
1.187205314636230469e-02
1.187205314636230469e-02
1.256561279296875000e-02
1.256561279296875000e-02
9.229183197021484375e-03
9.229183197021484375e-03
1.521039009094238281e-02
1.521039009094238281e-02
1.171588897705078125e-02
1.171588897705078125e-02
7.643222808837890625e-03
7.643222808837890625e-03
8.586168289184570312e-03
8.586168289184570312e-03
8.254051208496093750e-03
8.254051208496093750e-03
9.694099426269531250e-03
9.694099426269531250e-03
1.000404357910156250e-02
1.000404357910156250e-02
5.343914031982421875e-03
5.343914031982421875e-03
5.311965942382812500e-03
5.311965942382812500e-03
9.445667266845703125e-03
9.445667266845703125e-03
9.811401367187500000e-03
9.811401367187500000e-03
9.351253509521484375e-03
9.351253509521484375e-03
7.376432418823242188e-03
7.376432418823242188e-03
6.333827972412109375e-03
6.333827972412109375e-03
5.695819854736328125e-03
5.695819854736328125e-03
5.420207977294921875e-03
5.420207977294921875e-03
8.487939834594726562e-03
8.487939834594726562e-03
8.008003234863281250e-03
8.008003234863281250e-03
5.551338195800781250e-03
5.551338195800781250e-03
1.971554756164550781e-02
1.971554756164550781e-02
5.943536758422851562e-03
5.943536758422851562e-03
5.694389343261718750e-03
5.694389343261718750e-03
5.601167678833007812e-03
5.601167678833007812e-03
2.150416374206542969e-02
2.150416374206542969e-02
1.002454757690429688e-02
1.002454757690429688e-02
6.112813949584960938e-03
6.112813949584960938e-03
6.001949310302734375e-03
6.001949310302734375e-03
1.002645492553710938e-02
1.002645492553710938e-02
1.553320884704589844e-02
1.553320884704589844e-02
1.187300682067871094e-02
1.187300682067871094e-02
5.679845809936523438e-03
5.679845809936523438e-03
9.471654891967773438e-03
9.471654891967773438e-03
1.741552352905273438e-02
1.741552352905273438e-02
1.866865158081054688e-02
1.866865158081054688e-02
2.431178092956542969e-02
2.431178092956542969e-02
5.974531173706054688e-03
5.974531173706054688e-03
5.278587341308593750e-03
5.278587341308593750e-03
5.276203155517578125e-03
5.276203155517578125e-03
5.465030670166015625e-03
5.465030670166015625e-03
5.254268646240234375e-03
5.254268646240234375e-03
5.545854568481445312e-03
5.545854568481445312e-03
5.574226379394531250e-03
5.574226379394531250e-03
5.486011505126953125e-03
5.486011505126953125e-03
7.419586181640625000e-03
7.419586181640625000e-03
9.695529937744140625e-03
9.695529937744140625e-03
1.250553131103515625e-02
1.250553131103515625e-02
5.975008010864257812e-03
5.975008010864257812e-03
5.731582641601562500e-03
5.731582641601562500e-03
5.784034729003906250e-03
5.784034729003906250e-03
5.580186843872070312e-03
5.580186843872070312e-03
5.382537841796875000e-03
5.382537841796875000e-03
5.506038665771484375e-03
5.506038665771484375e-03
9.366989135742187500e-03
9.366989135742187500e-03
8.197546005249023438e-03
8.197546005249023438e-03
1.392149925231933594e-02
1.392149925231933594e-02
2.202939987182617188e-02
2.202939987182617188e-02
5.791664123535156250e-03
5.791664123535156250e-03
5.901098251342773438e-03
5.901098251342773438e-03
9.599208831787109375e-03
9.599208831787109375e-03
1.684808731079101562e-02
1.684808731079101562e-02
1.150703430175781250e-02
1.150703430175781250e-02
5.848407745361328125e-03
5.848407745361328125e-03
5.561828613281250000e-03
5.561828613281250000e-03
5.401611328125000000e-03
5.401611328125000000e-03
5.783319473266601562e-03
5.783319473266601562e-03
5.453348159790039062e-03
5.453348159790039062e-03
7.351875305175781250e-03
7.351875305175781250e-03
1.692533493041992188e-02
1.692533493041992188e-02
8.656263351440429688e-03
8.656263351440429688e-03
1.059818267822265625e-02
1.059818267822265625e-02
5.492925643920898438e-03
5.492925643920898438e-03
1.095533370971679688e-02
1.095533370971679688e-02
1.053309440612792969e-02
1.053309440612792969e-02
5.733489990234375000e-03
5.733489990234375000e-03
5.482196807861328125e-03
5.482196807861328125e-03
5.227327346801757812e-03
5.227327346801757812e-03
6.760597229003906250e-03
6.760597229003906250e-03
5.430936813354492188e-03
5.430936813354492188e-03
5.291938781738281250e-03
5.291938781738281250e-03
7.386445999145507812e-03
7.386445999145507812e-03
9.716033935546875000e-03
9.716033935546875000e-03
7.800579071044921875e-03
7.800579071044921875e-03
8.335590362548828125e-03
8.335590362548828125e-03
5.717515945434570312e-03
5.717515945434570312e-03
5.648136138916015625e-03
5.648136138916015625e-03
5.439996719360351562e-03
5.439996719360351562e-03
5.425930023193359375e-03
5.425930023193359375e-03
5.419492721557617188e-03
5.419492721557617188e-03
5.251407623291015625e-03
5.251407623291015625e-03
5.253314971923828125e-03
5.253314971923828125e-03
5.585908889770507812e-03
5.585908889770507812e-03
5.289077758789062500e-03
5.289077758789062500e-03
5.403518676757812500e-03
5.403518676757812500e-03
5.740404129028320312e-03
5.740404129028320312e-03
5.263566970825195312e-03
5.263566970825195312e-03
5.277156829833984375e-03
5.277156829833984375e-03
2.023100852966308594e-02
2.023100852966308594e-02
1.698708534240722656e-02
1.698708534240722656e-02
1.036953926086425781e-02
1.036953926086425781e-02
1.654076576232910156e-02
1.654076576232910156e-02
1.526093482971191406e-02
1.526093482971191406e-02
1.422119140625000000e-02
1.422119140625000000e-02
5.787372589111328125e-03
5.787372589111328125e-03
1.420593261718750000e-02
1.420593261718750000e-02
1.837301254272460938e-02
1.837301254272460938e-02
1.561689376831054688e-02
1.561689376831054688e-02
1.160645484924316406e-02
1.160645484924316406e-02
5.515575408935546875e-03
5.515575408935546875e-03
6.153106689453125000e-03
6.153106689453125000e-03
5.502939224243164062e-03
5.502939224243164062e-03
1.006126403808593750e-02
1.006126403808593750e-02
1.290512084960937500e-02
1.290512084960937500e-02
1.809406280517578125e-02
1.809406280517578125e-02
1.081109046936035156e-02
1.081109046936035156e-02
1.304268836975097656e-02
1.304268836975097656e-02
7.820129394531250000e-03
7.820129394531250000e-03
8.176326751708984375e-03
8.176326751708984375e-03
7.282972335815429688e-03
7.282972335815429688e-03
1.036977767944335938e-02
1.036977767944335938e-02
1.033091545104980469e-02
1.033091545104980469e-02
8.122920989990234375e-03
8.122920989990234375e-03
8.433580398559570312e-03
8.433580398559570312e-03
1.119804382324218750e-02
1.119804382324218750e-02
1.482725143432617188e-02
1.482725143432617188e-02
7.473230361938476562e-03
7.473230361938476562e-03
5.413532257080078125e-03
5.413532257080078125e-03
5.261421203613281250e-03
5.261421203613281250e-03
5.430936813354492188e-03
5.430936813354492188e-03
5.210161209106445312e-03
5.210161209106445312e-03
5.571126937866210938e-03
5.571126937866210938e-03
5.236387252807617188e-03
5.236387252807617188e-03
5.292415618896484375e-03
5.292415618896484375e-03
5.341768264770507812e-03
5.341768264770507812e-03
5.253791809082031250e-03
5.253791809082031250e-03
5.229949951171875000e-03
5.229949951171875000e-03
5.273342132568359375e-03
5.273342132568359375e-03
5.249261856079101562e-03
5.249261856079101562e-03
5.255460739135742188e-03
5.255460739135742188e-03
2.591156959533691406e-02
2.591156959533691406e-02
6.115913391113281250e-03
6.115913391113281250e-03
5.708456039428710938e-03
5.708456039428710938e-03
5.381584167480468750e-03
5.381584167480468750e-03
5.263090133666992188e-03
5.263090133666992188e-03
5.414485931396484375e-03
5.414485931396484375e-03
5.310535430908203125e-03
5.310535430908203125e-03
5.374193191528320312e-03
5.374193191528320312e-03
5.234718322753906250e-03
5.234718322753906250e-03
5.181074142456054688e-03
5.181074142456054688e-03
5.478382110595703125e-03
5.478382110595703125e-03
5.407094955444335938e-03
5.407094955444335938e-03
5.270004272460937500e-03
5.270004272460937500e-03
5.167245864868164062e-03
5.167245864868164062e-03
5.295038223266601562e-03
5.295038223266601562e-03
1.256561279296875000e-02
1.256561279296875000e-02
7.215738296508789062e-03
7.215738296508789062e-03
7.894515991210937500e-03
7.894515991210937500e-03
7.904767990112304688e-03
7.904767990112304688e-03
1.076292991638183594e-02
1.076292991638183594e-02
1.106357574462890625e-02
1.106357574462890625e-02
1.127982139587402344e-02
1.127982139587402344e-02
1.079392433166503906e-02
1.079392433166503906e-02
9.874343872070312500e-03
9.874343872070312500e-03
1.016497611999511719e-02
1.016497611999511719e-02
1.129055023193359375e-02
1.129055023193359375e-02
7.301330566406250000e-03
7.301330566406250000e-03
5.947589874267578125e-03
5.947589874267578125e-03
5.583286285400390625e-03
5.583286285400390625e-03
5.955457687377929688e-03
5.955457687377929688e-03
5.297899246215820312e-03
5.297899246215820312e-03
5.357503890991210938e-03
5.357503890991210938e-03
5.353212356567382812e-03
5.353212356567382812e-03
5.335092544555664062e-03
5.335092544555664062e-03
5.233526229858398438e-03
5.233526229858398438e-03
5.325078964233398438e-03
5.325078964233398438e-03
5.221843719482421875e-03
5.221843719482421875e-03
5.600929260253906250e-03
5.600929260253906250e-03
5.530834197998046875e-03
5.530834197998046875e-03
5.241394042968750000e-03
5.241394042968750000e-03
5.477666854858398438e-03
5.477666854858398438e-03
5.309104919433593750e-03
5.309104919433593750e-03
8.193731307983398438e-03
8.193731307983398438e-03
2.853846549987792969e-02
2.853846549987792969e-02
5.743026733398437500e-03
5.743026733398437500e-03
6.376743316650390625e-03
6.376743316650390625e-03
1.757121086120605469e-02
1.757121086120605469e-02
1.721262931823730469e-02
1.721262931823730469e-02
2.088809013366699219e-02
2.088809013366699219e-02
1.407933235168457031e-02
1.407933235168457031e-02
6.700277328491210938e-03
6.700277328491210938e-03
6.911754608154296875e-03
6.911754608154296875e-03
5.858898162841796875e-03
5.858898162841796875e-03
5.730867385864257812e-03
5.730867385864257812e-03
5.679845809936523438e-03
5.679845809936523438e-03
5.735874176025390625e-03
5.735874176025390625e-03
5.692720413208007812e-03
5.692720413208007812e-03
5.752325057983398438e-03
5.752325057983398438e-03
5.757808685302734375e-03
5.757808685302734375e-03
6.056308746337890625e-03
6.056308746337890625e-03
5.632162094116210938e-03
5.632162094116210938e-03
5.350351333618164062e-03
5.350351333618164062e-03
5.533218383789062500e-03
5.533218383789062500e-03
5.393266677856445312e-03
5.393266677856445312e-03
1.097702980041503906e-02
1.097702980041503906e-02
7.000207901000976562e-03
7.000207901000976562e-03
1.048278808593750000e-02
1.048278808593750000e-02
5.975961685180664062e-03
5.975961685180664062e-03
5.595207214355468750e-03
5.595207214355468750e-03
5.342721939086914062e-03
5.342721939086914062e-03
5.249261856079101562e-03
5.249261856079101562e-03
5.410432815551757812e-03
5.410432815551757812e-03
5.236148834228515625e-03
5.236148834228515625e-03
5.179882049560546875e-03
5.179882049560546875e-03
5.236148834228515625e-03
5.236148834228515625e-03
5.183935165405273438e-03
5.183935165405273438e-03
5.472660064697265625e-03
5.472660064697265625e-03
5.394697189331054688e-03
5.394697189331054688e-03
5.262374877929687500e-03
5.262374877929687500e-03
5.258798599243164062e-03
5.258798599243164062e-03
8.254766464233398438e-03
8.254766464233398438e-03
7.041692733764648438e-03
7.041692733764648438e-03
1.014566421508789062e-02
1.014566421508789062e-02
6.111621856689453125e-03
6.111621856689453125e-03
5.794763565063476562e-03
5.794763565063476562e-03
5.579710006713867188e-03
5.579710006713867188e-03
5.431175231933593750e-03
5.431175231933593750e-03
5.336046218872070312e-03
5.336046218872070312e-03
5.376577377319335938e-03
5.376577377319335938e-03
5.509853363037109375e-03
5.509853363037109375e-03
5.200624465942382812e-03
5.200624465942382812e-03
5.365371704101562500e-03
5.365371704101562500e-03
5.642652511596679688e-03
5.642652511596679688e-03
5.264520645141601562e-03
5.264520645141601562e-03
5.407571792602539062e-03
5.407571792602539062e-03
5.502939224243164062e-03
5.502939224243164062e-03
5.392074584960937500e-03
5.392074584960937500e-03
8.598327636718750000e-03
8.598327636718750000e-03
6.497144699096679688e-03
6.497144699096679688e-03
6.389379501342773438e-03
6.389379501342773438e-03
5.712032318115234375e-03
5.712032318115234375e-03
5.578279495239257812e-03
5.578279495239257812e-03
7.440328598022460938e-03
7.440328598022460938e-03
7.578849792480468750e-03
7.578849792480468750e-03
9.687423706054687500e-03
9.687423706054687500e-03
1.036643981933593750e-02
1.036643981933593750e-02
1.070308685302734375e-02
1.070308685302734375e-02
7.660865783691406250e-03
7.660865783691406250e-03
7.531642913818359375e-03
7.531642913818359375e-03
5.421400070190429688e-03
5.421400070190429688e-03
1.374125480651855469e-02
1.374125480651855469e-02
1.328301429748535156e-02
1.328301429748535156e-02
9.934902191162109375e-03
9.934902191162109375e-03
1.310682296752929688e-02
1.310682296752929688e-02
8.257389068603515625e-03
8.257389068603515625e-03
8.259534835815429688e-03
8.259534835815429688e-03
5.427360534667968750e-03
5.427360534667968750e-03
5.271434783935546875e-03
5.271434783935546875e-03
5.246639251708984375e-03
5.246639251708984375e-03
5.397796630859375000e-03
5.397796630859375000e-03
5.265474319458007812e-03
5.265474319458007812e-03
5.107402801513671875e-03
5.107402801513671875e-03
5.738973617553710938e-03
5.738973617553710938e-03
7.776737213134765625e-03
7.776737213134765625e-03
8.262157440185546875e-03
8.262157440185546875e-03
1.126909255981445312e-02
1.126909255981445312e-02
7.670402526855468750e-03
7.670402526855468750e-03
7.504940032958984375e-03
7.504940032958984375e-03
1.077127456665039062e-02
1.077127456665039062e-02
9.364843368530273438e-03
9.364843368530273438e-03
8.411407470703125000e-03
8.411407470703125000e-03
2.875781059265136719e-02
2.875781059265136719e-02
3.223967552185058594e-02
3.223967552185058594e-02
8.515357971191406250e-03
8.515357971191406250e-03
5.887508392333984375e-03
5.887508392333984375e-03
5.671739578247070312e-03
5.671739578247070312e-03
6.166934967041015625e-03
6.166934967041015625e-03
5.648136138916015625e-03
5.648136138916015625e-03
5.552768707275390625e-03
5.552768707275390625e-03
1.015329360961914062e-02
1.015329360961914062e-02
5.873441696166992188e-03
5.873441696166992188e-03
5.718469619750976562e-03
5.718469619750976562e-03
5.592107772827148438e-03
5.592107772827148438e-03
7.810592651367187500e-03
7.810592651367187500e-03
6.566524505615234375e-03
6.566524505615234375e-03
1.502919197082519531e-02
1.502919197082519531e-02
7.975578308105468750e-03
7.975578308105468750e-03
9.628534317016601562e-03
9.628534317016601562e-03
5.742311477661132812e-03
5.742311477661132812e-03
5.774974822998046875e-03
5.774974822998046875e-03
8.452177047729492188e-03
8.452177047729492188e-03
1.164388656616210938e-02
1.164388656616210938e-02
5.560159683227539062e-03
5.560159683227539062e-03
9.992122650146484375e-03
9.992122650146484375e-03
6.976604461669921875e-03
6.976604461669921875e-03
9.273767471313476562e-03
9.273767471313476562e-03
1.604866981506347656e-02
1.604866981506347656e-02
7.910966873168945312e-03
7.910966873168945312e-03
5.424261093139648438e-03
5.424261093139648438e-03
5.336046218872070312e-03
5.336046218872070312e-03
5.322217941284179688e-03
5.322217941284179688e-03
5.258321762084960938e-03
5.258321762084960938e-03
6.769418716430664062e-03
6.769418716430664062e-03
8.087158203125000000e-03
8.087158203125000000e-03
5.336999893188476562e-03
5.336999893188476562e-03
7.521152496337890625e-03
7.521152496337890625e-03
9.125232696533203125e-03
9.125232696533203125e-03
7.231712341308593750e-03
7.231712341308593750e-03
6.519317626953125000e-03
6.519317626953125000e-03
6.509542465209960938e-03
6.509542465209960938e-03
6.397247314453125000e-03
6.397247314453125000e-03
6.971359252929687500e-03
6.971359252929687500e-03
5.919933319091796875e-03
5.919933319091796875e-03
5.408525466918945312e-03
5.408525466918945312e-03
5.688190460205078125e-03
5.688190460205078125e-03
5.338430404663085938e-03
5.338430404663085938e-03
7.189273834228515625e-03
7.189273834228515625e-03
1.176452636718750000e-02
1.176452636718750000e-02
1.033210754394531250e-02
1.033210754394531250e-02
5.408048629760742188e-03
5.408048629760742188e-03
7.061004638671875000e-03
7.061004638671875000e-03
8.209466934204101562e-03
8.209466934204101562e-03
5.797863006591796875e-03
5.797863006591796875e-03
9.785175323486328125e-03
9.785175323486328125e-03
1.278281211853027344e-02
1.278281211853027344e-02
5.667686462402343750e-03
5.667686462402343750e-03
5.504608154296875000e-03
5.504608154296875000e-03
5.348920822143554688e-03
5.348920822143554688e-03
5.302667617797851562e-03
5.302667617797851562e-03
5.368232727050781250e-03
5.368232727050781250e-03
5.305290222167968750e-03
5.305290222167968750e-03
5.379438400268554688e-03
5.379438400268554688e-03
5.136728286743164062e-03
5.136728286743164062e-03
5.638599395751953125e-03
5.638599395751953125e-03
9.797096252441406250e-03
9.797096252441406250e-03
5.661487579345703125e-03
5.661487579345703125e-03
1.195240020751953125e-02
1.195240020751953125e-02
7.346630096435546875e-03
7.346630096435546875e-03
6.069183349609375000e-03
6.069183349609375000e-03
1.134634017944335938e-02
1.134634017944335938e-02
5.770444869995117188e-03
5.770444869995117188e-03
5.640745162963867188e-03
5.640745162963867188e-03
5.681753158569335938e-03
5.681753158569335938e-03
5.544424057006835938e-03
5.544424057006835938e-03
5.181312561035156250e-03
5.181312561035156250e-03
5.299568176269531250e-03
5.299568176269531250e-03
5.382537841796875000e-03
5.382537841796875000e-03
5.499601364135742188e-03
5.499601364135742188e-03
5.511045455932617188e-03
5.511045455932617188e-03
5.336999893188476562e-03
5.336999893188476562e-03
5.408763885498046875e-03
5.408763885498046875e-03
5.233764648437500000e-03
5.233764648437500000e-03
5.333423614501953125e-03
5.333423614501953125e-03
5.784511566162109375e-03
5.784511566162109375e-03
8.667945861816406250e-03
8.667945861816406250e-03
1.019310951232910156e-02
1.019310951232910156e-02
5.765438079833984375e-03
5.765438079833984375e-03
5.810260772705078125e-03
5.810260772705078125e-03
5.418777465820312500e-03
5.418777465820312500e-03
1.416301727294921875e-02
1.416301727294921875e-02
5.994081497192382812e-03
5.994081497192382812e-03
5.509376525878906250e-03
5.509376525878906250e-03
5.724668502807617188e-03
5.724668502807617188e-03
6.754398345947265625e-03
6.754398345947265625e-03
5.938053131103515625e-03
5.938053131103515625e-03
5.993127822875976562e-03
5.993127822875976562e-03
9.238004684448242188e-03
9.238004684448242188e-03
1.762604713439941406e-02
1.762604713439941406e-02
1.577281951904296875e-02
1.577281951904296875e-02
7.047414779663085938e-03
7.047414779663085938e-03
6.449222564697265625e-03
6.449222564697265625e-03
1.040220260620117188e-02
1.040220260620117188e-02
6.743192672729492188e-03
6.743192672729492188e-03
6.559133529663085938e-03
6.559133529663085938e-03
6.109952926635742188e-03
6.109952926635742188e-03
5.945205688476562500e-03
5.945205688476562500e-03
5.696773529052734375e-03
5.696773529052734375e-03
5.762338638305664062e-03
5.762338638305664062e-03
5.775213241577148438e-03
5.775213241577148438e-03
6.962299346923828125e-03
6.962299346923828125e-03
2.136754989624023438e-02
2.136754989624023438e-02
5.940914154052734375e-03
5.940914154052734375e-03
5.537033081054687500e-03
5.537033081054687500e-03
5.427598953247070312e-03
5.427598953247070312e-03
5.355119705200195312e-03
5.355119705200195312e-03
5.268335342407226562e-03
5.268335342407226562e-03
5.328416824340820312e-03
5.328416824340820312e-03
5.425691604614257812e-03
5.425691604614257812e-03
5.373954772949218750e-03
5.373954772949218750e-03
5.459547042846679688e-03
5.459547042846679688e-03
5.356788635253906250e-03
5.356788635253906250e-03
5.355119705200195312e-03
5.355119705200195312e-03
5.345106124877929688e-03
5.345106124877929688e-03
5.304813385009765625e-03
5.304813385009765625e-03
6.116390228271484375e-03
6.116390228271484375e-03
5.886077880859375000e-03
5.886077880859375000e-03
1.034736633300781250e-02
1.034736633300781250e-02
9.258508682250976562e-03
9.258508682250976562e-03
1.107168197631835938e-02
1.107168197631835938e-02
1.086044311523437500e-02
1.086044311523437500e-02
9.727239608764648438e-03
9.727239608764648438e-03
1.230382919311523438e-02
1.230382919311523438e-02
1.067948341369628906e-02
1.067948341369628906e-02
8.828401565551757812e-03
8.828401565551757812e-03
1.262664794921875000e-02
1.262664794921875000e-02
5.692958831787109375e-03
5.692958831787109375e-03
1.793670654296875000e-02
1.793670654296875000e-02
6.372213363647460938e-03
6.372213363647460938e-03
5.889415740966796875e-03
5.889415740966796875e-03
9.139537811279296875e-03
9.139537811279296875e-03
1.152920722961425781e-02
1.152920722961425781e-02
5.336284637451171875e-03
5.336284637451171875e-03
5.414485931396484375e-03
5.414485931396484375e-03
6.024122238159179688e-03
6.024122238159179688e-03
5.450963973999023438e-03
5.450963973999023438e-03
5.249738693237304688e-03
5.249738693237304688e-03
5.363225936889648438e-03
5.363225936889648438e-03
5.240201950073242188e-03
5.240201950073242188e-03
6.447792053222656250e-03
6.447792053222656250e-03
1.453495025634765625e-02
1.453495025634765625e-02
1.002311706542968750e-02
1.002311706542968750e-02
5.771398544311523438e-03
5.771398544311523438e-03
5.315780639648437500e-03
5.315780639648437500e-03
5.247354507446289062e-03
5.247354507446289062e-03
5.246877670288085938e-03
5.246877670288085938e-03
5.376577377319335938e-03
5.376577377319335938e-03
5.394697189331054688e-03
5.394697189331054688e-03
5.449056625366210938e-03
5.449056625366210938e-03
5.331277847290039062e-03
5.331277847290039062e-03
6.221055984497070312e-03
6.221055984497070312e-03
5.686283111572265625e-03
5.686283111572265625e-03
5.240440368652343750e-03
5.240440368652343750e-03
5.308866500854492188e-03
5.308866500854492188e-03
5.279302597045898438e-03
5.279302597045898438e-03
6.634235382080078125e-03
6.634235382080078125e-03
1.451992988586425781e-02
1.451992988586425781e-02
7.912397384643554688e-03
7.912397384643554688e-03
5.707502365112304688e-03
5.707502365112304688e-03
5.608320236206054688e-03
5.608320236206054688e-03
5.347967147827148438e-03
5.347967147827148438e-03
5.252361297607421875e-03
5.252361297607421875e-03
5.450487136840820312e-03
5.450487136840820312e-03
5.322456359863281250e-03
5.322456359863281250e-03
5.381584167480468750e-03
5.381584167480468750e-03
5.504369735717773438e-03
5.504369735717773438e-03
5.467653274536132812e-03
5.467653274536132812e-03
5.333662033081054688e-03
5.333662033081054688e-03
5.335807800292968750e-03
5.335807800292968750e-03
5.518436431884765625e-03
5.518436431884765625e-03
5.400657653808593750e-03
5.400657653808593750e-03
8.090019226074218750e-03
8.090019226074218750e-03
6.785631179809570312e-03
6.785631179809570312e-03
6.507873535156250000e-03
6.507873535156250000e-03
7.145166397094726562e-03
7.145166397094726562e-03
3.315806388854980469e-02
3.315806388854980469e-02
5.560636520385742188e-03
5.560636520385742188e-03
5.601644515991210938e-03
5.601644515991210938e-03
5.680084228515625000e-03
5.680084228515625000e-03
5.617618560791015625e-03
5.617618560791015625e-03
5.636453628540039062e-03
5.636453628540039062e-03
5.560159683227539062e-03
5.560159683227539062e-03
6.333112716674804688e-03
6.333112716674804688e-03
5.768299102783203125e-03
5.768299102783203125e-03
5.824804306030273438e-03
5.824804306030273438e-03
1.362586021423339844e-02
1.362586021423339844e-02
5.702733993530273438e-03
5.702733993530273438e-03
6.224393844604492188e-03
6.224393844604492188e-03
9.375095367431640625e-03
9.375095367431640625e-03
1.357197761535644531e-02
1.357197761535644531e-02
1.610064506530761719e-02
1.610064506530761719e-02
1.879262924194335938e-02
1.879262924194335938e-02
1.016688346862792969e-02
1.016688346862792969e-02
5.787134170532226562e-03
5.787134170532226562e-03
1.471376419067382812e-02
1.471376419067382812e-02
7.569074630737304688e-03
7.569074630737304688e-03
5.689144134521484375e-03
5.689144134521484375e-03
5.927324295043945312e-03
5.927324295043945312e-03
5.352735519409179688e-03
5.352735519409179688e-03
5.489587783813476562e-03
5.489587783813476562e-03
5.418062210083007812e-03
5.418062210083007812e-03
5.361080169677734375e-03
5.361080169677734375e-03
5.319118499755859375e-03
5.319118499755859375e-03
5.381822586059570312e-03
5.381822586059570312e-03
5.530834197998046875e-03
5.530834197998046875e-03
5.256175994873046875e-03
5.256175994873046875e-03
5.394458770751953125e-03
5.394458770751953125e-03
5.216836929321289062e-03
5.216836929321289062e-03
9.288787841796875000e-03
9.288787841796875000e-03
1.140952110290527344e-02
1.140952110290527344e-02
6.014823913574218750e-03
6.014823913574218750e-03
1.043581962585449219e-02
1.043581962585449219e-02
1.102638244628906250e-02
1.102638244628906250e-02
8.196115493774414062e-03
8.196115493774414062e-03
8.736848831176757812e-03
8.736848831176757812e-03
1.088261604309082031e-02
1.088261604309082031e-02
7.424831390380859375e-03
7.424831390380859375e-03
7.712364196777343750e-03
7.712364196777343750e-03
1.122546195983886719e-02
1.122546195983886719e-02
5.686521530151367188e-03
5.686521530151367188e-03
5.409240722656250000e-03
5.409240722656250000e-03
1.838350296020507812e-02
1.838350296020507812e-02
1.085376739501953125e-02
1.085376739501953125e-02
9.515523910522460938e-03
9.515523910522460938e-03
9.317398071289062500e-03
9.317398071289062500e-03
1.145386695861816406e-02
1.145386695861816406e-02
1.160812377929687500e-02
1.160812377929687500e-02
7.877111434936523438e-03
7.877111434936523438e-03
5.258321762084960938e-03
5.258321762084960938e-03
6.349563598632812500e-03
6.349563598632812500e-03
5.450725555419921875e-03
5.450725555419921875e-03
8.918285369873046875e-03
8.918285369873046875e-03
6.658077239990234375e-03
6.658077239990234375e-03
9.844779968261718750e-03
9.844779968261718750e-03
1.178359985351562500e-02
1.178359985351562500e-02
9.417533874511718750e-03
9.417533874511718750e-03
8.504867553710937500e-03
8.504867553710937500e-03
9.649038314819335938e-03
9.649038314819335938e-03
9.845495223999023438e-03
9.845495223999023438e-03
1.202154159545898438e-02
1.202154159545898438e-02
8.367538452148437500e-03
8.367538452148437500e-03
5.636215209960937500e-03
5.636215209960937500e-03
1.654767990112304688e-02
1.654767990112304688e-02
9.033441543579101562e-03
9.033441543579101562e-03
8.828163146972656250e-03
8.828163146972656250e-03
1.154565811157226562e-02
1.154565811157226562e-02
6.947278976440429688e-03
6.947278976440429688e-03
7.346391677856445312e-03
7.346391677856445312e-03
1.051378250122070312e-02
1.051378250122070312e-02
7.689476013183593750e-03
7.689476013183593750e-03
9.590864181518554688e-03
9.590864181518554688e-03
5.978107452392578125e-03
5.978107452392578125e-03
5.439758300781250000e-03
5.439758300781250000e-03
3.566122055053710938e-02
3.566122055053710938e-02
6.577014923095703125e-03
6.577014923095703125e-03
6.107807159423828125e-03
6.107807159423828125e-03
5.968093872070312500e-03
5.968093872070312500e-03
5.662441253662109375e-03
5.662441253662109375e-03
5.903959274291992188e-03
5.903959274291992188e-03
5.851268768310546875e-03
5.851268768310546875e-03
5.674123764038085938e-03
5.674123764038085938e-03
5.845308303833007812e-03
5.845308303833007812e-03
5.763053894042968750e-03
5.763053894042968750e-03
6.271362304687500000e-03
6.271362304687500000e-03
5.587100982666015625e-03
5.587100982666015625e-03
1.481533050537109375e-02
1.481533050537109375e-02
6.980180740356445312e-03
6.980180740356445312e-03
6.506681442260742188e-03
6.506681442260742188e-03
5.985498428344726562e-03
5.985498428344726562e-03
5.770206451416015625e-03
5.770206451416015625e-03
5.604267120361328125e-03
5.604267120361328125e-03
5.587100982666015625e-03
5.587100982666015625e-03
5.707263946533203125e-03
5.707263946533203125e-03
6.444692611694335938e-03
6.444692611694335938e-03
5.593061447143554688e-03
5.593061447143554688e-03
8.934259414672851562e-03
8.934259414672851562e-03
1.169586181640625000e-02
1.169586181640625000e-02
9.197711944580078125e-03
9.197711944580078125e-03
8.960723876953125000e-03
8.960723876953125000e-03
6.949901580810546875e-03
6.949901580810546875e-03
9.535312652587890625e-03
9.535312652587890625e-03
1.198911666870117188e-02
1.198911666870117188e-02
1.252770423889160156e-02
1.252770423889160156e-02
1.264095306396484375e-02
1.264095306396484375e-02
1.205873489379882812e-02
1.205873489379882812e-02
5.601644515991210938e-03
5.601644515991210938e-03
5.279541015625000000e-03
5.279541015625000000e-03
5.243062973022460938e-03
5.243062973022460938e-03
6.162405014038085938e-03
6.162405014038085938e-03
5.638599395751953125e-03
5.638599395751953125e-03
1.432061195373535156e-02
1.432061195373535156e-02
6.646394729614257812e-03
6.646394729614257812e-03
5.967617034912109375e-03
5.967617034912109375e-03
5.345106124877929688e-03
5.345106124877929688e-03
5.304574966430664062e-03
5.304574966430664062e-03
5.357265472412109375e-03
5.357265472412109375e-03
5.302667617797851562e-03
5.302667617797851562e-03
5.392551422119140625e-03
5.392551422119140625e-03
5.235195159912109375e-03
5.235195159912109375e-03
5.393981933593750000e-03
5.393981933593750000e-03
5.478382110595703125e-03
5.478382110595703125e-03
5.223989486694335938e-03
5.223989486694335938e-03
5.337715148925781250e-03
5.337715148925781250e-03
5.179405212402343750e-03
5.179405212402343750e-03
8.330345153808593750e-03
8.330345153808593750e-03
5.666255950927734375e-03
5.666255950927734375e-03
9.996414184570312500e-03
9.996414184570312500e-03
1.240015029907226562e-02
1.240015029907226562e-02
6.470441818237304688e-03
6.470441818237304688e-03
5.951404571533203125e-03
5.951404571533203125e-03
5.260705947875976562e-03
5.260705947875976562e-03
5.603313446044921875e-03
5.603313446044921875e-03
5.258798599243164062e-03
5.258798599243164062e-03
5.216121673583984375e-03
5.216121673583984375e-03
5.574703216552734375e-03
5.574703216552734375e-03
5.287408828735351562e-03
5.287408828735351562e-03
5.468845367431640625e-03
5.468845367431640625e-03
5.261421203613281250e-03
5.261421203613281250e-03
5.365133285522460938e-03
5.365133285522460938e-03
5.246162414550781250e-03
5.246162414550781250e-03
8.047342300415039062e-03
8.047342300415039062e-03
5.340099334716796875e-03
5.340099334716796875e-03
5.938291549682617188e-03
5.938291549682617188e-03
1.258540153503417969e-02
1.258540153503417969e-02
5.518674850463867188e-03
5.518674850463867188e-03
5.635976791381835938e-03
5.635976791381835938e-03
5.647182464599609375e-03
5.647182464599609375e-03
5.353450775146484375e-03
5.353450775146484375e-03
5.303382873535156250e-03
5.303382873535156250e-03
5.234479904174804688e-03
5.234479904174804688e-03
5.223512649536132812e-03
5.223512649536132812e-03
5.423784255981445312e-03
5.423784255981445312e-03
5.388736724853515625e-03
5.388736724853515625e-03
5.231857299804687500e-03
5.231857299804687500e-03
5.219221115112304688e-03
5.219221115112304688e-03
5.471706390380859375e-03
5.471706390380859375e-03
7.465124130249023438e-03
7.465124130249023438e-03
5.771160125732421875e-03
5.771160125732421875e-03
5.783319473266601562e-03
5.783319473266601562e-03
6.214380264282226562e-03
6.214380264282226562e-03
8.648395538330078125e-03
8.648395538330078125e-03
8.978843688964843750e-03
8.978843688964843750e-03
1.032042503356933594e-02
1.032042503356933594e-02
1.207756996154785156e-02
1.207756996154785156e-02
7.256031036376953125e-03
7.256031036376953125e-03
5.338668823242187500e-03
5.338668823242187500e-03
2.359294891357421875e-02
2.359294891357421875e-02
1.353073120117187500e-02
1.353073120117187500e-02
1.604032516479492188e-02
1.604032516479492188e-02
6.274700164794921875e-03
6.274700164794921875e-03
5.916118621826171875e-03
5.916118621826171875e-03
6.100416183471679688e-03
6.100416183471679688e-03
8.476734161376953125e-03
8.476734161376953125e-03
9.368896484375000000e-03
9.368896484375000000e-03
7.868051528930664062e-03
7.868051528930664062e-03
1.483798027038574219e-02
1.483798027038574219e-02
1.763844490051269531e-02
1.763844490051269531e-02
1.830601692199707031e-02
1.830601692199707031e-02
1.439642906188964844e-02
1.439642906188964844e-02
1.391983032226562500e-02
1.391983032226562500e-02
1.178479194641113281e-02
1.178479194641113281e-02
7.978916168212890625e-03
7.978916168212890625e-03
1.002144813537597656e-02
1.002144813537597656e-02
8.540630340576171875e-03
8.540630340576171875e-03
5.324840545654296875e-03
5.324840545654296875e-03
5.319118499755859375e-03
5.319118499755859375e-03
6.455421447753906250e-03
6.455421447753906250e-03
5.463600158691406250e-03
5.463600158691406250e-03
9.190559387207031250e-03
9.190559387207031250e-03
9.126186370849609375e-03
9.126186370849609375e-03
6.410360336303710938e-03
6.410360336303710938e-03
9.149312973022460938e-03
9.149312973022460938e-03
1.011466979980468750e-02
1.011466979980468750e-02
9.812593460083007812e-03
9.812593460083007812e-03
9.310483932495117188e-03
9.310483932495117188e-03
5.419492721557617188e-03
5.419492721557617188e-03
5.273580551147460938e-03
5.273580551147460938e-03
5.258798599243164062e-03
5.258798599243164062e-03
7.403850555419921875e-03
7.403850555419921875e-03
6.476879119873046875e-03
6.476879119873046875e-03
7.840394973754882812e-03
7.840394973754882812e-03
9.773254394531250000e-03
9.773254394531250000e-03
8.368253707885742188e-03
8.368253707885742188e-03
1.041054725646972656e-02
1.041054725646972656e-02
6.187200546264648438e-03
6.187200546264648438e-03
6.493806838989257812e-03
6.493806838989257812e-03
1.229453086853027344e-02
1.229453086853027344e-02
7.374763488769531250e-03
7.374763488769531250e-03
5.663394927978515625e-03
5.663394927978515625e-03
5.333185195922851562e-03
5.333185195922851562e-03
7.190704345703125000e-03
7.190704345703125000e-03
9.022235870361328125e-03
9.022235870361328125e-03
1.203083992004394531e-02
1.203083992004394531e-02
5.916118621826171875e-03
5.916118621826171875e-03
5.531311035156250000e-03
5.531311035156250000e-03
8.568048477172851562e-03
8.568048477172851562e-03
6.155252456665039062e-03
6.155252456665039062e-03
8.328437805175781250e-03
8.328437805175781250e-03
5.786180496215820312e-03
5.786180496215820312e-03
5.480766296386718750e-03
5.480766296386718750e-03
5.355596542358398438e-03
5.355596542358398438e-03
5.279779434204101562e-03
5.279779434204101562e-03
7.926940917968750000e-03
7.926940917968750000e-03
1.155805587768554688e-02
1.155805587768554688e-02
7.659196853637695312e-03
7.659196853637695312e-03
1.148438453674316406e-02
1.148438453674316406e-02
5.577564239501953125e-03
5.577564239501953125e-03
7.369995117187500000e-03
7.369995117187500000e-03
8.135318756103515625e-03
8.135318756103515625e-03
8.369684219360351562e-03
8.369684219360351562e-03
6.405830383300781250e-03
6.405830383300781250e-03
6.218194961547851562e-03
6.218194961547851562e-03
5.438804626464843750e-03
5.438804626464843750e-03
5.378961563110351562e-03
5.378961563110351562e-03
5.454778671264648438e-03
5.454778671264648438e-03
5.253553390502929688e-03
5.253553390502929688e-03
5.377531051635742188e-03
5.377531051635742188e-03
5.456209182739257812e-03
5.456209182739257812e-03
5.637407302856445312e-03
5.637407302856445312e-03
5.462646484375000000e-03
5.462646484375000000e-03
5.227327346801757812e-03
5.227327346801757812e-03
6.961584091186523438e-03
6.961584091186523438e-03
8.034229278564453125e-03
8.034229278564453125e-03
1.009583473205566406e-02
1.009583473205566406e-02
6.973981857299804688e-03
6.973981857299804688e-03
7.907152175903320312e-03
7.907152175903320312e-03
6.232023239135742188e-03
6.232023239135742188e-03
5.817890167236328125e-03
5.817890167236328125e-03
5.600690841674804688e-03
5.600690841674804688e-03
5.347967147827148438e-03
5.347967147827148438e-03
2.050971984863281250e-02
2.050971984863281250e-02
1.038503646850585938e-02
1.038503646850585938e-02
1.258468627929687500e-02
1.258468627929687500e-02
1.487565040588378906e-02
1.487565040588378906e-02
5.749464035034179688e-03
5.749464035034179688e-03
8.646726608276367188e-03
8.646726608276367188e-03
9.254693984985351562e-03
9.254693984985351562e-03
5.824327468872070312e-03
5.824327468872070312e-03
5.646944046020507812e-03
5.646944046020507812e-03
5.656957626342773438e-03
5.656957626342773438e-03
5.879163742065429688e-03
5.879163742065429688e-03
5.935668945312500000e-03
5.935668945312500000e-03
5.925655364990234375e-03
5.925655364990234375e-03
5.773544311523437500e-03
5.773544311523437500e-03
5.795001983642578125e-03
5.795001983642578125e-03
5.760431289672851562e-03
5.760431289672851562e-03
8.365154266357421875e-03
8.365154266357421875e-03
5.950689315795898438e-03
5.950689315795898438e-03
5.858182907104492188e-03
5.858182907104492188e-03
6.413698196411132812e-03
6.413698196411132812e-03
6.101608276367187500e-03
6.101608276367187500e-03
6.268978118896484375e-03
6.268978118896484375e-03
8.106946945190429688e-03
8.106946945190429688e-03
6.767511367797851562e-03
6.767511367797851562e-03
5.557537078857421875e-03
5.557537078857421875e-03
5.289316177368164062e-03
5.289316177368164062e-03
5.419969558715820312e-03
5.419969558715820312e-03
5.535364151000976562e-03
5.535364151000976562e-03
5.362749099731445312e-03
5.362749099731445312e-03
5.371332168579101562e-03
5.371332168579101562e-03
5.211830139160156250e-03
5.211830139160156250e-03
5.270242691040039062e-03
5.270242691040039062e-03
5.379438400268554688e-03
5.379438400268554688e-03
5.972862243652343750e-03
5.972862243652343750e-03
5.874156951904296875e-03
5.874156951904296875e-03
8.862018585205078125e-03
8.862018585205078125e-03
5.509853363037109375e-03
5.509853363037109375e-03
5.563497543334960938e-03
5.563497543334960938e-03
8.388757705688476562e-03
8.388757705688476562e-03
9.507179260253906250e-03
9.507179260253906250e-03
6.341695785522460938e-03
6.341695785522460938e-03
8.026599884033203125e-03
8.026599884033203125e-03
5.738973617553710938e-03
5.738973617553710938e-03
5.546092987060546875e-03
5.546092987060546875e-03
5.419254302978515625e-03
5.419254302978515625e-03
5.616903305053710938e-03
5.616903305053710938e-03
7.280111312866210938e-03
7.280111312866210938e-03
