1.891508896780524085e-01 0.000000000000000000e+00
1.888895561926927924e-01 0.000000000000000000e+00
1.872351841669430417e-01 0.000000000000000000e+00
1.859758937678714641e-01 0.000000000000000000e+00
1.855148739846424755e-01 0.000000000000000000e+00
1.850570248298668563e-01 0.000000000000000000e+00
1.602376434067728228e-01 0.000000000000000000e+00
1.606662390501376603e-01 0.000000000000000000e+00
1.847742096242154797e-01 0.000000000000000000e+00
1.854511589213458100e-01 0.000000000000000000e+00
1.847612575896663833e-01 0.000000000000000000e+00
1.842393730256308149e-01 0.000000000000000000e+00
1.839345014682712276e-01 0.000000000000000000e+00
1.849196705888203340e-01 0.000000000000000000e+00
1.352064166576140980e-01 0.000000000000000000e+00
1.838592818016115960e-01 0.000000000000000000e+00
1.567720730709193655e-01 0.000000000000000000e+00
5.782658463352445544e-02 0.000000000000000000e+00
5.644574368374712103e-02 0.000000000000000000e+00
1.554332571892174941e-01 0.000000000000000000e+00
2.017856432843259107e-01 0.000000000000000000e+00
5.112585499525058863e-02 0.000000000000000000e+00
1.455100116021653678e-01 0.000000000000000000e+00
1.461164918552259606e-01 0.000000000000000000e+00
1.201276698394374842e-01 0.000000000000000000e+00
1.679792771459878431e-01 0.000000000000000000e+00
1.679516035026864251e-01 0.000000000000000000e+00
1.416596081734595725e-01 0.000000000000000000e+00
1.424808402913606553e-01 0.000000000000000000e+00
1.662195658939647491e-01 0.000000000000000000e+00
1.669524161041765209e-01 0.000000000000000000e+00
8.929007619058171308e-02 0.000000000000000000e+00
8.944767626325524079e-02 0.000000000000000000e+00
2.089511970271083763e-01 0.000000000000000000e+00
6.140456141848595062e-02 0.000000000000000000e+00
5.880668147419995662e-02 0.000000000000000000e+00
1.817150856516257795e-01 0.000000000000000000e+00
5.889109659898861260e-02 0.000000000000000000e+00
3.491486855945528933e-02 0.000000000000000000e+00
1.240286398116506456e-01 0.000000000000000000e+00
7.784361673589459962e-02 0.000000000000000000e+00
7.699289921423724259e-02 0.000000000000000000e+00
1.266812935276523111e-01 0.000000000000000000e+00
2.007683528010528740e-01 0.000000000000000000e+00
2.011926014318426714e-01 0.000000000000000000e+00
2.010528443628234185e-01 0.000000000000000000e+00
2.028089331043673449e-01 0.000000000000000000e+00
2.783321832804656615e-01 0.000000000000000000e+00
2.292403896002240260e-01 0.000000000000000000e+00
2.302962496390356661e-01 0.000000000000000000e+00
3.831367130729111947e-01 0.000000000000000000e+00
3.587788069931977519e-01 0.000000000000000000e+00
3.627291775506082949e-01 0.000000000000000000e+00
5.178900213346895320e-01 0.000000000000000000e+00
5.260551911860890106e-01 0.000000000000000000e+00
3.293386946587356645e-01 0.000000000000000000e+00
3.335690553342056108e-01 0.000000000000000000e+00
5.604130193085985479e-01 0.000000000000000000e+00
4.246315105007446578e-01 0.000000000000000000e+00
5.526700876511057015e-01 0.000000000000000000e+00
5.557757439225141649e-01 0.000000000000000000e+00
6.366441905631594622e-01 0.000000000000000000e+00
5.241870901148931727e-01 0.000000000000000000e+00
5.081791552760528408e-01 0.000000000000000000e+00
4.595541020468704163e-01 0.000000000000000000e+00
4.654945331657961982e-01 0.000000000000000000e+00
3.727386997106061362e-01 0.000000000000000000e+00
5.748686283473130043e-01 0.000000000000000000e+00
3.371237514998038920e-01 0.000000000000000000e+00
3.348202949555121877e-01 0.000000000000000000e+00
6.033748293127876305e-01 0.000000000000000000e+00
6.060968655812257744e-01 0.000000000000000000e+00
3.377455803792756561e-01 0.000000000000000000e+00
2.146775990164999925e-01 0.000000000000000000e+00
2.163292114783052500e-01 0.000000000000000000e+00
2.277989411757320171e-01 0.000000000000000000e+00
3.970607409292012946e-01 0.000000000000000000e+00
3.885993683087455852e-01 0.000000000000000000e+00
4.366706622984117825e-01 0.000000000000000000e+00
3.179267744704400434e-01 0.000000000000000000e+00
2.413353559558581718e-01 0.000000000000000000e+00
2.452229083606130566e-01 0.000000000000000000e+00
4.992880528920349281e-01 0.000000000000000000e+00
3.271165451260560353e-01 0.000000000000000000e+00
3.276127036902986012e-01 0.000000000000000000e+00
3.207974978327031712e-01 0.000000000000000000e+00
4.446165185034565148e-01 0.000000000000000000e+00
4.463753547271730460e-01 0.000000000000000000e+00
1.578334043872734460e-01 0.000000000000000000e+00
3.449418630588753087e-01 0.000000000000000000e+00
3.590530447460700825e-01 0.000000000000000000e+00
1.119598801116128695e-01 0.000000000000000000e+00
4.564671530900825114e-01 0.000000000000000000e+00
2.438673794329854483e-01 0.000000000000000000e+00
4.295805978362071120e-01 0.000000000000000000e+00
4.118480319565157588e-01 0.000000000000000000e+00
4.156659604306922606e-01 0.000000000000000000e+00
2.442091230287273818e-01 0.000000000000000000e+00
2.474976696546454247e-01 0.000000000000000000e+00
4.236357106826139640e-01 0.000000000000000000e+00
4.211001268549895427e-01 0.000000000000000000e+00
3.469153608466346572e-01 0.000000000000000000e+00
5.863912246584178645e-01 0.000000000000000000e+00
4.924617142253034929e-01 0.000000000000000000e+00
3.569844227635168843e-01 0.000000000000000000e+00
7.288132911848113071e-01 0.000000000000000000e+00
4.968610599898479752e-01 0.000000000000000000e+00
5.014284068023417973e-01 0.000000000000000000e+00
3.996212487395474078e-01 0.000000000000000000e+00
4.029001383984577300e-01 0.000000000000000000e+00
8.369210007139626928e-01 0.000000000000000000e+00
5.550705457397955289e-01 0.000000000000000000e+00
5.616254445364460279e-01 0.000000000000000000e+00
5.621029388644913638e-01 0.000000000000000000e+00
8.261163706157536035e-01 0.000000000000000000e+00
6.817949441879550543e-01 0.000000000000000000e+00
6.576341144234001401e-01 0.000000000000000000e+00
6.672049180071448760e-01 0.000000000000000000e+00
9.318483268627678617e-01 0.000000000000000000e+00
9.493913899319934568e-01 0.000000000000000000e+00
6.662099664859193471e-01 0.000000000000000000e+00
6.678074970578755654e-01 0.000000000000000000e+00
8.636185287084969797e-01 0.000000000000000000e+00
8.724444318512409868e-01 0.000000000000000000e+00
1.071870158393155137e+00 0.000000000000000000e+00
1.080134088925847058e+00 0.000000000000000000e+00
5.738842377241546444e-01 0.000000000000000000e+00
9.299378649045517697e-01 0.000000000000000000e+00
9.406529258954561268e-01 0.000000000000000000e+00
1.111286346058765639e+00 0.000000000000000000e+00
8.593192591831680938e-01 0.000000000000000000e+00
1.111963072882151016e+00 0.000000000000000000e+00
5.766576051691564286e-01 0.000000000000000000e+00
1.003951288886717697e+00 0.000000000000000000e+00
8.819959971538793297e-01 0.000000000000000000e+00
8.498703479678618722e-01 0.000000000000000000e+00
4.130219182730924254e-01 0.000000000000000000e+00
8.851298448961495424e-01 0.000000000000000000e+00
2.528847513224148358e-01 0.000000000000000000e+00
7.138090216326034021e-01 0.000000000000000000e+00
7.177076747761975684e-01 0.000000000000000000e+00
2.038577594367945722e-01 0.000000000000000000e+00
5.861408529796982014e-01 0.000000000000000000e+00
5.817775407481107219e-01 0.000000000000000000e+00
7.290380857928371316e-01 0.000000000000000000e+00
4.814147511421720815e-01 0.000000000000000000e+00
6.521219758527111443e-01 0.000000000000000000e+00
5.708500645747238700e-01 0.000000000000000000e+00
4.654598818739246191e-01 0.000000000000000000e+00
9.481703531776658478e-02 0.000000000000000000e+00
7.169722177007309405e-02 0.000000000000000000e+00
7.512606267286128237e-01 0.000000000000000000e+00
5.196392000028514646e-01 0.000000000000000000e+00
-8.130275670724662618e-04 0.000000000000000000e+00
8.157533814033340880e-01 0.000000000000000000e+00
5.721599993155960240e-01 0.000000000000000000e+00
-8.388021546293206177e-02 0.000000000000000000e+00
5.587202978741168113e-01 0.000000000000000000e+00
5.427075913080823266e-01 0.000000000000000000e+00
-8.571354135204140023e-02 0.000000000000000000e+00
-1.472592603983736148e-01 0.000000000000000000e+00
4.099911721340799287e-01 0.000000000000000000e+00
4.289587965628832711e-01 0.000000000000000000e+00
4.833974792547893196e-01 0.000000000000000000e+00
4.763570090660821932e-01 0.000000000000000000e+00
3.349009184186574339e-02 0.000000000000000000e+00
1.688926997369288863e-02 0.000000000000000000e+00
3.659721376993655406e-01 0.000000000000000000e+00
-7.442164743918783243e-02 0.000000000000000000e+00
-8.459895652353338624e-02 0.000000000000000000e+00
2.126953340343113452e-01 0.000000000000000000e+00
1.878424482217800062e-01 0.000000000000000000e+00
2.512883494475715018e-02 0.000000000000000000e+00
7.936452185094922118e-03 0.000000000000000000e+00
1.271417728583377649e+00 0.000000000000000000e+00
-3.188383947275493235e-01 0.000000000000000000e+00
-3.507743956018613551e-01 0.000000000000000000e+00
3.631664593111116890e-02 0.000000000000000000e+00
2.822189432179145196e-02 0.000000000000000000e+00
9.704997073281595998e-01 0.000000000000000000e+00
9.545943364278639542e-01 0.000000000000000000e+00
-1.059631470864225711e-01 0.000000000000000000e+00
-8.833617977507007835e-02 0.000000000000000000e+00
1.547180655015181761e-01 0.000000000000000000e+00
1.402243017613771792e-01 0.000000000000000000e+00
1.126751078963022179e+00 0.000000000000000000e+00
1.084450946106644942e+00 0.000000000000000000e+00
-3.878957432331547883e-02 0.000000000000000000e+00
-3.329208206098666079e-02 0.000000000000000000e+00
1.065059929023953522e+00 0.000000000000000000e+00
4.124119787347786947e-01 0.000000000000000000e+00
2.014097424573171313e-01 0.000000000000000000e+00
9.046849470160639450e-01 0.000000000000000000e+00
7.291235914713010136e-01 0.000000000000000000e+00
2.374260616041423688e-02 0.000000000000000000e+00
4.034804713252687081e-01 0.000000000000000000e+00
1.061200193249816293e+00 0.000000000000000000e+00
3.981970298935841868e-01 0.000000000000000000e+00
1.261074255896174612e-01 0.000000000000000000e+00
3.967153651122921065e-01 0.000000000000000000e+00
3.855128511688061255e-01 0.000000000000000000e+00
8.749741527547184594e-01 0.000000000000000000e+00
9.151464155582897941e-01 0.000000000000000000e+00
4.461639849713736061e-01 0.000000000000000000e+00
4.344557805898435765e-01 0.000000000000000000e+00
-3.891279120358934196e-01 0.000000000000000000e+00
9.846337980207551244e-01 0.000000000000000000e+00
9.972227678918845761e-01 0.000000000000000000e+00
7.078471350825108477e-01 0.000000000000000000e+00
7.220536701621922404e-01 0.000000000000000000e+00
-5.738140812312011452e-01 0.000000000000000000e+00
-5.865072651277929427e-01 0.000000000000000000e+00
8.584522182878777663e-01 0.000000000000000000e+00
8.761748318296587179e-01 0.000000000000000000e+00
1.096378979643353624e+00 0.000000000000000000e+00
1.092749376144605433e+00 0.000000000000000000e+00
2.473246280361329763e-03 0.000000000000000000e+00
-1.001635591941063552e-02 0.000000000000000000e+00
6.782851535758385175e-01 0.000000000000000000e+00
3.743979149571227683e-01 0.000000000000000000e+00
6.396461515251530283e-01 0.000000000000000000e+00
5.399433042787696868e-01 0.000000000000000000e+00
1.603125768342335000e-01 0.000000000000000000e+00
4.803748210594184775e-01 0.000000000000000000e+00
4.959201367402505944e-01 0.000000000000000000e+00
7.921141679127270407e-01 0.000000000000000000e+00
7.819180661679505651e-01 0.000000000000000000e+00
1.252526756913514006e-01 0.000000000000000000e+00
7.721816509586283406e-01 0.000000000000000000e+00
7.811942604284722869e-01 0.000000000000000000e+00
7.548377240881223305e-01 0.000000000000000000e+00
7.541226857901293101e-01 0.000000000000000000e+00
8.832573261053050517e-02 0.000000000000000000e+00
1.096544006010789496e-01 0.000000000000000000e+00
4.691327978489778783e-01 0.000000000000000000e+00
4.803383271066353211e-01 0.000000000000000000e+00
3.718816908815333888e-01 0.000000000000000000e+00
3.431356675039849424e-01 0.000000000000000000e+00
7.199525632348222626e-01 0.000000000000000000e+00
6.795090026593991750e-01 0.000000000000000000e+00
3.493268356259550678e-01 0.000000000000000000e+00
3.174037455542583208e-01 0.000000000000000000e+00
3.155990778576331923e-01 0.000000000000000000e+00
7.696761600270585202e-01 0.000000000000000000e+00
6.036291848064534449e-01 0.000000000000000000e+00
6.113084441200480335e-01 0.000000000000000000e+00
2.154232646128091955e-01 0.000000000000000000e+00
2.196323992116626100e-01 0.000000000000000000e+00
6.329567020127782051e-01 0.000000000000000000e+00
6.118769119502086573e-01 0.000000000000000000e+00
6.463214151061454915e-01 0.000000000000000000e+00
6.536672824448921393e-01 0.000000000000000000e+00
4.888625696339622406e-01 0.000000000000000000e+00
6.125610759712669662e-01 0.000000000000000000e+00
4.958312312814111000e-01 0.000000000000000000e+00
4.962774655320850159e-01 0.000000000000000000e+00
4.699275322207083216e-01 0.000000000000000000e+00
7.597439196641755377e-01 0.000000000000000000e+00
7.723012410703551378e-01 0.000000000000000000e+00
3.463780944890152980e-01 0.000000000000000000e+00
3.413091710695340675e-01 0.000000000000000000e+00
6.463758251573777924e-01 0.000000000000000000e+00
6.331302969396030988e-01 0.000000000000000000e+00
8.021030097795619485e-01 0.000000000000000000e+00
8.050384844613541757e-01 0.000000000000000000e+00
2.053402803709102886e-01 0.000000000000000000e+00
7.481187599215688433e-01 0.000000000000000000e+00
7.561424504520060097e-01 0.000000000000000000e+00
7.013401264689909098e-01 0.000000000000000000e+00
6.899757568751890835e-01 0.000000000000000000e+00
1.677691476310665952e-01 0.000000000000000000e+00
6.958404803642518344e-01 0.000000000000000000e+00
6.949925062716431068e-01 0.000000000000000000e+00
8.006268466673616135e-01 0.000000000000000000e+00
1.732406559592973294e-01 0.000000000000000000e+00
1.860574025363002648e-01 0.000000000000000000e+00
7.373110843764316691e-01 0.000000000000000000e+00
7.170070706590063736e-01 0.000000000000000000e+00
4.016209400185277167e-01 0.000000000000000000e+00
6.170763748055618780e-01 0.000000000000000000e+00
6.505226607197558408e-01 0.000000000000000000e+00
5.037856623762271280e-01 0.000000000000000000e+00
5.042749405231263804e-01 0.000000000000000000e+00
7.095493964795483999e-01 0.000000000000000000e+00
5.218320727667367098e-01 0.000000000000000000e+00
7.344753438223666775e-01 0.000000000000000000e+00
5.596346784719846701e-01 0.000000000000000000e+00
5.919481449197825373e-01 0.000000000000000000e+00
5.977068088440398164e-01 0.000000000000000000e+00
8.426114482004060102e-01 0.000000000000000000e+00
8.447049482691668665e-01 0.000000000000000000e+00
3.511794471757481162e-01 0.000000000000000000e+00
3.503504266801544254e-01 0.000000000000000000e+00
6.698832130373275628e-01 0.000000000000000000e+00
6.719822790882432617e-01 0.000000000000000000e+00
1.102381621391587796e+00 0.000000000000000000e+00
2.278521398594596792e-01 0.000000000000000000e+00
6.288362290459400539e-01 0.000000000000000000e+00
1.064033250192316427e+00 0.000000000000000000e+00
4.371078645315591427e-01 0.000000000000000000e+00
5.516332503949876731e-01 0.000000000000000000e+00
9.902815650627811994e-01 0.000000000000000000e+00
4.483783969646554790e-01 0.000000000000000000e+00
1.031383042609366196e+00 0.000000000000000000e+00
3.467969237505305058e-01 0.000000000000000000e+00
9.707328388184064405e-01 0.000000000000000000e+00
9.938242042696976419e-01 0.000000000000000000e+00
8.777081790450497190e-01 0.000000000000000000e+00
9.091331122498023110e-01 0.000000000000000000e+00
2.911952136050510731e-01 0.000000000000000000e+00
2.964027861468717107e-01 0.000000000000000000e+00
1.114727619578026019e+00 0.000000000000000000e+00
9.443478147391497490e-01 0.000000000000000000e+00
9.969851893472675419e-02 0.000000000000000000e+00
7.973826116354165716e-02 0.000000000000000000e+00
1.010539355286020013e+00 0.000000000000000000e+00
1.092048757498116363e+00 0.000000000000000000e+00
1.070228625832801317e+00 0.000000000000000000e+00
4.466785273635744402e-01 0.000000000000000000e+00
5.889829809939097771e-01 0.000000000000000000e+00
8.933157914427219959e-01 0.000000000000000000e+00
5.692874722181200386e-01 0.000000000000000000e+00
6.135092577496814581e-01 0.000000000000000000e+00
5.070196507479870496e-01 0.000000000000000000e+00
4.941903017488950556e-01 0.000000000000000000e+00
3.397357587420332670e-01 0.000000000000000000e+00
1.434868479301534938e+00 0.000000000000000000e+00
4.751961534563118317e-01 0.000000000000000000e+00
1.458265681299590888e+00 0.000000000000000000e+00
3.372891932075393062e-01 0.000000000000000000e+00
3.420928990744510068e-01 0.000000000000000000e+00
4.725857910754871494e-02 0.000000000000000000e+00
3.652440795217815062e-02 0.000000000000000000e+00
1.313052261228213169e+00 0.000000000000000000e+00
1.288175191663796904e+00 0.000000000000000000e+00
6.203317189465320514e-01 0.000000000000000000e+00
2.992763054250247023e-02 0.000000000000000000e+00
9.592833663605868644e-01 0.000000000000000000e+00
9.724126659254950233e-01 0.000000000000000000e+00
5.837401059037845563e-01 0.000000000000000000e+00
1.262233539570879470e-01 0.000000000000000000e+00
9.247253263131653966e-01 0.000000000000000000e+00
9.227824333097744969e-01 0.000000000000000000e+00
3.814481582469183563e-01 0.000000000000000000e+00
3.795245417078232930e-01 0.000000000000000000e+00
-1.681248629841544107e-01 0.000000000000000000e+00
1.264863758280864836e+00 0.000000000000000000e+00
1.252877679025576008e+00 0.000000000000000000e+00
9.658231865368094304e-02 0.000000000000000000e+00
2.894195904802918662e-01 0.000000000000000000e+00
1.345848068864622160e+00 0.000000000000000000e+00
-6.268041406341042787e-01 0.000000000000000000e+00
-6.639256822086474497e-01 0.000000000000000000e+00
2.890161662227266892e-01 0.000000000000000000e+00
1.932859774370130346e+00 0.000000000000000000e+00
-6.551816032261662537e-01 0.000000000000000000e+00
3.246436020908360920e-02 0.000000000000000000e+00
1.841172654428635536e-02 0.000000000000000000e+00
1.946071510267406435e+00 0.000000000000000000e+00
-4.798953045058261813e-01 0.000000000000000000e+00
-4.728332967003245901e-01 0.000000000000000000e+00
1.757378077229369562e-01 0.000000000000000000e+00
1.196311997564875607e-01 0.000000000000000000e+00
2.103803628362005185e+00 0.000000000000000000e+00
2.122977511019497054e+00 0.000000000000000000e+00
-7.996626326219938852e-01 0.000000000000000000e+00
3.986427510059094570e-01 0.000000000000000000e+00
3.684008442646730108e-01 0.000000000000000000e+00
-6.215417210610114651e-01 0.000000000000000000e+00
-6.853442775439130275e-01 0.000000000000000000e+00
1.326306093607919401e+00 0.000000000000000000e+00
1.563876952714702950e+00 0.000000000000000000e+00
-1.587425852897145440e+00 0.000000000000000000e+00
-1.592906082234269771e+00 0.000000000000000000e+00
1.660172569808187504e+00 0.000000000000000000e+00
1.708415806219687472e+00 0.000000000000000000e+00
2.186459376849817726e+00 0.000000000000000000e+00
2.128776779426607924e+00 0.000000000000000000e+00
-1.702186951239123447e+00 0.000000000000000000e+00
-1.646389535961653827e+00 0.000000000000000000e+00
1.880011518919424418e+00 0.000000000000000000e+00
1.841879062661177846e+00 0.000000000000000000e+00
1.810226579730218832e+00 0.000000000000000000e+00
-2.577485381143838516e+00 0.000000000000000000e+00
-2.580171830260463928e+00 0.000000000000000000e+00
2.115867708514197254e+00 0.000000000000000000e+00
2.271428219852208219e+00 0.000000000000000000e+00
-1.717580913539262566e+00 0.000000000000000000e+00
-1.743014492338331500e+00 0.000000000000000000e+00
1.822856936212571721e+00 0.000000000000000000e+00
1.805775018056478665e+00 0.000000000000000000e+00
-1.886189109272903286e+00 0.000000000000000000e+00
-1.932765826805659559e+00 0.000000000000000000e+00
2.890835512594006396e+00 0.000000000000000000e+00
2.874075514844697921e+00 0.000000000000000000e+00
9.013380720519816869e-01 0.000000000000000000e+00
-2.379835409306218175e+00 0.000000000000000000e+00
-2.407545136705860678e+00 0.000000000000000000e+00
3.739899626003514665e+00 0.000000000000000000e+00
8.804054776847838326e-01 0.000000000000000000e+00
3.926104389826486241e+00 0.000000000000000000e+00
3.819403251330981242e+00 0.000000000000000000e+00
8.864950183389997962e-01 0.000000000000000000e+00
-3.349629240589750090e+00 0.000000000000000000e+00
4.473553235364260416e+00 0.000000000000000000e+00
4.442489361641881018e+00 0.000000000000000000e+00
7.456196487458071065e-01 0.000000000000000000e+00
-2.986752306960326120e+00 0.000000000000000000e+00
-3.099954417328409040e+00 0.000000000000000000e+00
4.518251831017412457e+00 0.000000000000000000e+00
4.613456992168247339e+00 0.000000000000000000e+00
9.142549938206194771e-01 0.000000000000000000e+00
2.464908269110116734e+00 0.000000000000000000e+00
-3.781383752175762503e+00 0.000000000000000000e+00
-3.778738934140782657e+00 0.000000000000000000e+00
3.634825255542392775e+00 0.000000000000000000e+00
3.583895121385769933e+00 0.000000000000000000e+00
2.010475188663320534e+00 0.000000000000000000e+00
2.044201091607203757e+00 0.000000000000000000e+00
-3.312709306136379261e+00 0.000000000000000000e+00
2.717733803312926355e+00 0.000000000000000000e+00
2.794600165125284530e+00 0.000000000000000000e+00
3.189952411357007023e+00 0.000000000000000000e+00
3.271821530263475886e+00 0.000000000000000000e+00
-3.570951333626695146e+00 0.000000000000000000e+00
-3.618094444266490850e+00 0.000000000000000000e+00
8.644857679698181308e-01 0.000000000000000000e+00
8.327661652296447503e-01 0.000000000000000000e+00
4.227099513610000692e+00 0.000000000000000000e+00
-3.301860592032651809e+00 0.000000000000000000e+00
-7.049672630151366803e-01 0.000000000000000000e+00
-2.367618601201924911e+00 0.000000000000000000e+00
-2.367290295838489378e+00 0.000000000000000000e+00
1.835561709499349714e+00 0.000000000000000000e+00
-2.464047420849227343e+00 0.000000000000000000e+00
8.040547895426655156e-01 0.000000000000000000e+00
5.549582378130197835e-01 0.000000000000000000e+00
-3.006574027487284972e+00 0.000000000000000000e+00
1.899177140574014100e+00 0.000000000000000000e+00
-2.185873924683619518e-01 0.000000000000000000e+00
-3.460541808170197964e+00 0.000000000000000000e+00
-8.285659763157302571e-01 0.000000000000000000e+00
1.405621495829615819e+00 0.000000000000000000e+00
1.330548536368129753e+00 0.000000000000000000e+00
-1.730782615494339094e+00 0.000000000000000000e+00
-1.759193835776009296e+00 0.000000000000000000e+00
-1.921134866184449064e-01 0.000000000000000000e+00
-2.194153427055549055e-01 0.000000000000000000e+00
6.027370515507268767e-01 0.000000000000000000e+00
5.633026420552587066e-01 0.000000000000000000e+00
-3.155081888406338297e+00 0.000000000000000000e+00
1.514686983445388657e+00 0.000000000000000000e+00
-2.589446118873830915e+00 0.000000000000000000e+00
-2.666123934837331788e+00 0.000000000000000000e+00
9.554093207033966806e-01 0.000000000000000000e+00
9.645035197492729528e-01 0.000000000000000000e+00
2.431561498030973656e+00 0.000000000000000000e+00
2.444959017587885697e+00 0.000000000000000000e+00
-1.920543605966069434e+00 0.000000000000000000e+00
-1.884574281359760572e+00 0.000000000000000000e+00
1.328525593814275929e+00 0.000000000000000000e+00
1.272092541429336032e+00 0.000000000000000000e+00
1.530235542625177914e+00 0.000000000000000000e+00
-2.437900410016398567e+00 0.000000000000000000e+00
-2.536857275478789475e+00 0.000000000000000000e+00
2.635183483692677964e+00 0.000000000000000000e+00
2.727843024500454572e+00 0.000000000000000000e+00
-2.537796479529290217e+00 0.000000000000000000e+00
2.650181805209565589e+00 0.000000000000000000e+00
2.702771908548218693e+00 0.000000000000000000e+00
2.380913412203475854e+00 0.000000000000000000e+00
2.420614066279286103e+00 0.000000000000000000e+00
-2.777014555942955543e+00 0.000000000000000000e+00
-2.766087980888267683e+00 0.000000000000000000e+00
3.061628266580543212e+00 0.000000000000000000e+00
3.091236226869792603e+00 0.000000000000000000e+00
1.346520081087298593e+00 0.000000000000000000e+00
-3.204804321863384153e+00 0.000000000000000000e+00
-3.163148552585804296e+00 0.000000000000000000e+00
3.739363758639180801e+00 0.000000000000000000e+00
3.629317773575821082e+00 0.000000000000000000e+00
1.750145310063972559e+00 0.000000000000000000e+00
-3.387961902331204200e+00 0.000000000000000000e+00
-3.447112017925214822e+00 0.000000000000000000e+00
3.765139784697818293e+00 0.000000000000000000e+00
9.996927600017881943e-01 0.000000000000000000e+00
-1.969096249361169115e-01 0.000000000000000000e+00
-1.153061084538418157e-01 0.000000000000000000e+00
-3.968326693825130924e+00 0.000000000000000000e+00
-3.993238963606665859e+00 0.000000000000000000e+00
3.988298667357783156e+00 0.000000000000000000e+00
-6.632599655778956826e-01 0.000000000000000000e+00
-6.984746298828816702e-01 0.000000000000000000e+00
-4.295564707567504747e+00 0.000000000000000000e+00
4.052448956896039789e+00 0.000000000000000000e+00
4.048705655933748204e+00 0.000000000000000000e+00
3.958743687199334893e+00 0.000000000000000000e+00
-1.320343549317736676e+00 0.000000000000000000e+00
-1.212053158688002341e+00 0.000000000000000000e+00
4.720223109772692105e+00 0.000000000000000000e+00
-7.881900956621934462e-01 0.000000000000000000e+00
-3.906681179158822736e+00 0.000000000000000000e+00
-3.434686700379537827e-01 0.000000000000000000e+00
-2.493219386475498123e+00 0.000000000000000000e+00
3.759260976840786750e+00 0.000000000000000000e+00
3.603282030365337896e+00 0.000000000000000000e+00
3.656938468857534819e+00 0.000000000000000000e+00
8.898052827988233160e-01 0.000000000000000000e+00
9.511467268916695694e-01 0.000000000000000000e+00
-3.238758476550531284e+00 0.000000000000000000e+00
-3.305875603513536376e+00 0.000000000000000000e+00
3.339894838254175102e+00 0.000000000000000000e+00
2.187741490253541699e+00 0.000000000000000000e+00
2.181247592250048939e+00 0.000000000000000000e+00
-3.010603045409566469e+00 0.000000000000000000e+00
-2.960425564633793805e+00 0.000000000000000000e+00
1.995443064437185443e+00 0.000000000000000000e+00
1.937781220118995895e+00 0.000000000000000000e+00
2.572321911972458075e+00 0.000000000000000000e+00
-1.687066394638114808e+00 0.000000000000000000e+00
2.062615466459736702e+00 0.000000000000000000e+00
2.135704635951193531e+00 0.000000000000000000e+00
1.189033504764674509e+00 0.000000000000000000e+00
1.350517006174647650e+00 0.000000000000000000e+00
1.425146744946608424e+00 0.000000000000000000e+00
-3.345462143470668281e-01 0.000000000000000000e+00
1.184191438008148634e+00 0.000000000000000000e+00
3.156727293959946223e+00 0.000000000000000000e+00
6.417375650081825755e-01 0.000000000000000000e+00
-2.063892705171241460e+00 0.000000000000000000e+00
3.410637920205430884e+00 0.000000000000000000e+00
3.430416588702068115e+00 0.000000000000000000e+00
-2.534780544870510077e+00 0.000000000000000000e+00
3.535340384599780617e+00 0.000000000000000000e+00
2.057340171663570860e-01 0.000000000000000000e+00
-2.574405378823967361e+00 0.000000000000000000e+00
2.659133523819427136e+00 0.000000000000000000e+00
1.688064483440780694e-01 0.000000000000000000e+00
-2.407394551687279005e+00 0.000000000000000000e+00
2.005087588139400356e+00 0.000000000000000000e+00
2.006283169304142078e+00 0.000000000000000000e+00
-1.172454122443809421e+00 0.000000000000000000e+00
-3.008230821092586549e+00 0.000000000000000000e+00
-3.065856914617423712e+00 0.000000000000000000e+00
2.882772604089222312e+00 0.000000000000000000e+00
-4.878406095231160755e+00 0.000000000000000000e+00
-4.963116099881963450e+00 0.000000000000000000e+00
1.615748285373954873e+00 0.000000000000000000e+00
-1.091078651043343450e+00 0.000000000000000000e+00
-4.911687077680983116e+00 0.000000000000000000e+00
9.755373958801261125e-02 0.000000000000000000e+00
-9.533194374318719744e-01 0.000000000000000000e+00
-5.743488097717333041e+00 0.000000000000000000e+00
4.526852935962152324e-01 0.000000000000000000e+00
-2.347461411347894877e+00 0.000000000000000000e+00
-4.957470644921789571e+00 0.000000000000000000e+00
1.566410484200325026e+00 0.000000000000000000e+00
-1.514889066220683977e+00 0.000000000000000000e+00
-1.551354965703525490e+00 0.000000000000000000e+00
-6.115066865328578238e+00 0.000000000000000000e+00
2.096175139543113630e+00 0.000000000000000000e+00
1.038491037893485736e+00 0.000000000000000000e+00
-5.527139805525397520e+00 0.000000000000000000e+00
-5.509340819070186690e+00 0.000000000000000000e+00
2.057677501841239653e+00 0.000000000000000000e+00
3.187667393498191615e+00 0.000000000000000000e+00
3.214262757978629814e+00 0.000000000000000000e+00
-3.492422365539550988e+00 0.000000000000000000e+00
-3.414507618545493894e+00 0.000000000000000000e+00
2.538516903993072837e+00 0.000000000000000000e+00
5.071692423090019552e+00 0.000000000000000000e+00
5.131308327800254254e+00 0.000000000000000000e+00
-2.784002995910186851e+00 0.000000000000000000e+00
-2.681337894570007041e+00 0.000000000000000000e+00
1.796610101190719400e+00 0.000000000000000000e+00
1.813530767077464745e+00 0.000000000000000000e+00
-6.111009235457229849e-01 0.000000000000000000e+00
9.051253806332968388e-01 0.000000000000000000e+00
8.800547748319813568e-01 0.000000000000000000e+00
6.963211981050223542e+00 0.000000000000000000e+00
7.122774987673492042e+00 0.000000000000000000e+00
2.219308808140773692e+00 0.000000000000000000e+00
2.463138311312408124e+00 0.000000000000000000e+00
1.880277851352543550e+00 0.000000000000000000e+00
7.755441733181923425e+00 0.000000000000000000e+00
7.874573273369149362e+00 0.000000000000000000e+00
2.247819910020745660e+00 0.000000000000000000e+00
1.837002868220713125e+00 0.000000000000000000e+00
9.192721048501951486e+00 0.000000000000000000e+00
2.884798373884291500e+00 0.000000000000000000e+00
8.337414626524402017e-01 0.000000000000000000e+00
9.506906962434520381e+00 0.000000000000000000e+00
3.226182851874437318e+00 0.000000000000000000e+00
1.236013177845761701e-01 0.000000000000000000e+00
2.538891620178222563e+00 0.000000000000000000e+00
-1.536457976584472807e+00 0.000000000000000000e+00
-1.447394144535979921e+00 0.000000000000000000e+00
7.968237456432571975e+00 0.000000000000000000e+00
7.939289978474770137e+00 0.000000000000000000e+00
2.788515547965335628e+00 0.000000000000000000e+00
2.810997194424438295e+00 0.000000000000000000e+00
5.711246005714206042e+00 0.000000000000000000e+00
2.603569330046729746e+00 0.000000000000000000e+00
2.691118225780792184e+00 0.000000000000000000e+00
-2.612912850341491122e+00 0.000000000000000000e+00
-2.627311773533286932e+00 0.000000000000000000e+00
3.285654164921913534e+00 0.000000000000000000e+00
3.159150816922531302e+00 0.000000000000000000e+00
2.786520414948425284e+00 0.000000000000000000e+00
-3.450808111739768869e+00 0.000000000000000000e+00
-3.481925490785751975e+00 0.000000000000000000e+00
5.952870054064179905e-01 0.000000000000000000e+00
5.463567173274612720e-01 0.000000000000000000e+00
2.603899361902962006e+00 0.000000000000000000e+00
2.561398316988868551e+00 0.000000000000000000e+00
-1.782079394360809310e+00 0.000000000000000000e+00
-1.009016584569816466e+00 0.000000000000000000e+00
2.496204989676590102e+00 0.000000000000000000e+00
-2.972594675112266493e+00 0.000000000000000000e+00
-2.369605357925948841e+00 0.000000000000000000e+00
-2.494991845685806453e+00 0.000000000000000000e+00
1.494396344918975883e+00 0.000000000000000000e+00
1.423597226176567254e+00 0.000000000000000000e+00
-3.067710842609100652e+00 0.000000000000000000e+00
-3.068012466067352229e+00 0.000000000000000000e+00
-1.798307980808867779e+00 0.000000000000000000e+00
-1.936799359509772778e+00 0.000000000000000000e+00
1.720103357605819783e+00 0.000000000000000000e+00
1.620595918346309672e+00 0.000000000000000000e+00
-5.126839042706298422e+00 0.000000000000000000e+00
-5.083269291484679542e+00 0.000000000000000000e+00
-3.038719653967971723e+00 0.000000000000000000e+00
1.369464211144046706e+00 0.000000000000000000e+00
1.263593702828369247e+00 0.000000000000000000e+00
-4.472805777233581637e+00 0.000000000000000000e+00
-4.619224857442722154e+00 0.000000000000000000e+00
1.326640626614322471e+00 0.000000000000000000e+00
1.124469467765674580e+00 0.000000000000000000e+00
-4.006227155284586061e+00 0.000000000000000000e+00
-3.947521827346916368e+00 0.000000000000000000e+00
-4.996613939640827340e+00 0.000000000000000000e+00
1.198540154674434755e+00 0.000000000000000000e+00
1.172060789211177845e+00 0.000000000000000000e+00
1.069389976895589900e+00 0.000000000000000000e+00
-3.713000526291418080e+00 0.000000000000000000e+00
-5.780446281328153191e+00 0.000000000000000000e+00
-5.901536684744758787e+00 0.000000000000000000e+00
1.589726266758351159e+00 0.000000000000000000e+00
-2.764301957292599532e+00 0.000000000000000000e+00
-2.870392718990189884e+00 0.000000000000000000e+00
-6.720451914904344903e+00 0.000000000000000000e+00
1.890814291653978740e+00 0.000000000000000000e+00
1.838998613735072007e+00 0.000000000000000000e+00
-1.258411355995655123e+00 0.000000000000000000e+00
-3.575810894824982267e-01 0.000000000000000000e+00
-4.600480276554393400e-01 0.000000000000000000e+00
6.957440209109257978e-01 0.000000000000000000e+00
1.207779181654491385e+00 0.000000000000000000e+00
-6.915103203419570299e+00 0.000000000000000000e+00
2.416870662746397613e+00 0.000000000000000000e+00
2.330110351640994448e+00 0.000000000000000000e+00
3.383949672802574860e+00 0.000000000000000000e+00
-5.769446890262345029e+00 0.000000000000000000e+00
-5.744698018590447930e+00 0.000000000000000000e+00
1.533148970253014109e+00 0.000000000000000000e+00
3.687878026985001778e+00 0.000000000000000000e+00
1.832480108784810380e+00 0.000000000000000000e+00
3.762657790731863017e+00 0.000000000000000000e+00
8.124932011438226187e-01 0.000000000000000000e+00
-1.826661185596675896e+00 0.000000000000000000e+00
6.959006087482643155e-01 0.000000000000000000e+00
3.088265311593952234e+00 0.000000000000000000e+00
-2.546239309266414175e+00 0.000000000000000000e+00
-9.556970363301086069e-01 0.000000000000000000e+00
3.121816436185855803e+00 0.000000000000000000e+00
3.202437445090427381e+00 0.000000000000000000e+00
-7.114978742918203203e-01 0.000000000000000000e+00
-2.736608071298237022e+00 0.000000000000000000e+00
-2.780535358596706530e+00 0.000000000000000000e+00
-4.802827442678069270e-01 0.000000000000000000e+00
-3.515110822065542484e-01 0.000000000000000000e+00
-1.582204305820674728e+00 0.000000000000000000e+00
-1.663848564352721882e+00 0.000000000000000000e+00
-2.633852544462089273e+00 0.000000000000000000e+00
-2.593849836913089568e+00 0.000000000000000000e+00
-2.708969771755580513e+00 0.000000000000000000e+00
-1.518777797409276875e+00 0.000000000000000000e+00
-2.044387121407075014e+00 0.000000000000000000e+00
-2.111518166286194820e+00 0.000000000000000000e+00
-3.433263639557466718e+00 0.000000000000000000e+00
-3.833138158541363083e+00 0.000000000000000000e+00
-3.962796519931105710e+00 0.000000000000000000e+00
-3.562553739511974626e+00 0.000000000000000000e+00
-2.849314529110202443e+00 0.000000000000000000e+00
-3.889417805030975117e+00 0.000000000000000000e+00
-4.688137376572093729e+00 0.000000000000000000e+00
-4.826499033158025753e+00 0.000000000000000000e+00
-2.837779290777854957e+00 0.000000000000000000e+00
-2.954057527934455862e+00 0.000000000000000000e+00
-3.084191055809250237e+00 0.000000000000000000e+00
-2.371800283670578047e+00 0.000000000000000000e+00
-2.340223152267150830e+00 0.000000000000000000e+00
-4.266011958959598616e+00 0.000000000000000000e+00
-2.096966925156936945e+00 0.000000000000000000e+00
-2.647403983368453950e+00 0.000000000000000000e+00
-2.996701093640937508e+00 0.000000000000000000e+00
-3.083537435439758223e+00 0.000000000000000000e+00
-6.005860239037323911e-01 0.000000000000000000e+00
-1.287988720428276057e+00 0.000000000000000000e+00
-1.162862324892654398e+00 0.000000000000000000e+00
-2.487459559217491289e+00 0.000000000000000000e+00
-1.507393014183429081e-01 0.000000000000000000e+00
-1.240518768427658625e-01 0.000000000000000000e+00
6.456543508846301904e-02 0.000000000000000000e+00
2.252512143323670557e-04 0.000000000000000000e+00
1.249795349987906867e+00 0.000000000000000000e+00
1.033360562587735121e-01 0.000000000000000000e+00
1.493274883987806279e-01 0.000000000000000000e+00
1.287422398608589091e+00 0.000000000000000000e+00
2.757420043437919688e+00 0.000000000000000000e+00
2.064697469066199442e+00 0.000000000000000000e+00
3.437318742581710662e+00 0.000000000000000000e+00
3.577292643669737870e+00 0.000000000000000000e+00
2.834412115065040538e+00 0.000000000000000000e+00
2.995759975066566660e+00 0.000000000000000000e+00
3.437399362968063254e+00 0.000000000000000000e+00
3.587780950603256080e+00 0.000000000000000000e+00
4.301713840954074719e+00 0.000000000000000000e+00
4.464176779175681453e+00 0.000000000000000000e+00
3.918799575700969928e+00 0.000000000000000000e+00
4.127010583612785943e+00 0.000000000000000000e+00
5.787036004823979951e+00 0.000000000000000000e+00
4.439935127649001778e+00 0.000000000000000000e+00
4.749613257556670298e+00 0.000000000000000000e+00
4.948575186351193089e+00 0.000000000000000000e+00
6.573422358154696887e+00 0.000000000000000000e+00
6.672590529563338535e+00 0.000000000000000000e+00
5.383351137337435866e+00 0.000000000000000000e+00
5.511129103812637098e+00 0.000000000000000000e+00
5.839764368499546165e+00 0.000000000000000000e+00
6.460817118803864112e+00 0.000000000000000000e+00
5.477732142751770006e+00 0.000000000000000000e+00
6.057268716933632113e+00 0.000000000000000000e+00
6.668440610223083986e+00 0.000000000000000000e+00
5.226365187186736705e+00 0.000000000000000000e+00
5.577456183815155732e+00 0.000000000000000000e+00
6.486632603116760265e+00 0.000000000000000000e+00
5.899181341979141457e+00 0.000000000000000000e+00
6.066282175028763213e+00 0.000000000000000000e+00
4.765220846676025523e+00 0.000000000000000000e+00
4.882463804167786137e+00 0.000000000000000000e+00
2.853783534834136937e+00 0.000000000000000000e+00
2.942178290319518830e+00 0.000000000000000000e+00
3.694339594488220690e+00 0.000000000000000000e+00
4.265828752892608655e+00 0.000000000000000000e+00
4.082653438439941773e+00 0.000000000000000000e+00
1.590180174172211025e+00 0.000000000000000000e+00
7.947182711831672908e-01 0.000000000000000000e+00
7.751289314942932940e-01 0.000000000000000000e+00
1.666109982474671014e+00 0.000000000000000000e+00
1.400831464132232584e+00 0.000000000000000000e+00
2.743844769233760861e-02 0.000000000000000000e+00
-1.942632016443404330e+00 0.000000000000000000e+00
-2.097560709867629214e+00 0.000000000000000000e+00
-1.377910648557433948e+00 0.000000000000000000e+00
-1.643825582592620460e+00 0.000000000000000000e+00
-2.328289765228118036e+00 0.000000000000000000e+00
-2.500620678542326836e+00 0.000000000000000000e+00
-4.503094075492096060e+00 0.000000000000000000e+00
-4.616165310408934630e+00 0.000000000000000000e+00
-4.366434100483855829e+00 0.000000000000000000e+00
-4.632315269430465676e+00 0.000000000000000000e+00
-4.848696846973722607e+00 0.000000000000000000e+00
-5.183465059618147741e+00 0.000000000000000000e+00
-6.133464286653518727e+00 0.000000000000000000e+00
-6.287581671404646855e+00 0.000000000000000000e+00
-6.714399000268286066e+00 0.000000000000000000e+00
-9.720349567763289400e+00 0.000000000000000000e+00
-9.898546848345812776e+00 0.000000000000000000e+00
-8.379058339787883725e+00 0.000000000000000000e+00
-1.067267369462349613e+01 0.000000000000000000e+00
-1.134750563379296295e+01 0.000000000000000000e+00
-1.441980508477649714e+01 0.000000000000000000e+00
-1.561991830586265628e+01 0.000000000000000000e+00
-1.641833555135558953e+01 0.000000000000000000e+00
-1.476338126547851637e+01 0.000000000000000000e+00
-1.557740972158081050e+01 0.000000000000000000e+00
-1.813901540640060261e+01 0.000000000000000000e+00
