-3.505024015903472900e-01 -3.587770462036132812e-01 1.873713135719299316e+00
-6.171040609478950500e-02 -3.583286702632904053e-01 2.430773973464965820e+00
2.597683966159820557e-01 -1.193245723843574524e-01 9.636529088020324707e-01
-4.291644692420959473e-01 5.098256096243858337e-02 1.645093917846679688e+00
-8.171300292015075684e-01 1.578391157090663910e-02 2.102548360824584961e+00
-9.183684587478637695e-01 -4.109498485922813416e-02 1.419097423553466797e+00
-4.593244493007659912e-01 -2.624259293079376221e-01 1.640761613845825195e+00
2.424793839454650879e-01 -9.456768631935119629e-02 1.011250734329223633e+00
-4.351512491703033447e-01 4.562946036458015442e-02 1.503183960914611816e+00
-7.731347680091857910e-01 7.069475203752517700e-02 1.567451357841491699e+00
-7.747278809547424316e-01 -1.101176021620631218e-03 1.523933172225952148e+00
-6.006875038146972656e-01 7.006161659955978394e-02 1.100144863128662109e+00
-8.548904061317443848e-01 4.597406834363937378e-02 1.426490426063537598e+00
-7.769857645034790039e-01 4.139307886362075806e-02 1.508891820907592773e+00
-5.150668621063232422e-01 1.001093611121177673e-01 1.046281099319458008e+00
-5.667014718055725098e-01 -9.715671837329864502e-02 1.011134505271911621e+00
-4.192559719085693359e-01 -3.025384545326232910e-01 1.683127284049987793e+00
-9.147090911865234375e-01 -6.041449680924415588e-02 1.417610049247741699e+00
-3.957007229328155518e-01 4.487379640340805054e-02 1.747813582420349121e+00
-4.042429029941558838e-01 4.354169219732284546e-02 1.732394814491271973e+00
-8.458038568496704102e-01 -6.476305425167083740e-02 2.311197996139526367e+00
-5.031305551528930664e-01 3.585143759846687317e-02 1.463183045387268066e+00
2.335379719734191895e-01 -1.324316710233688354e-01 9.246841669082641602e-01
2.896370291709899902e-01 -1.169253885746002197e-01 9.601116180419921875e-01
3.196997940540313721e-01 -1.294309794902801514e-01 9.695989489555358887e-01
-8.593777418136596680e-01 -7.519608363509178162e-03 2.286887645721435547e+00
-8.399041891098022461e-01 -1.083980053663253784e-01 2.236124992370605469e+00
-8.176288008689880371e-01 -1.048313826322555542e-01 2.011771917343139648e+00
-8.272420763969421387e-01 -1.180317476391792297e-01 2.060840368270874023e+00
-8.273699879646301270e-01 -1.785741001367568970e-01 2.123902559280395508e+00
-6.659319996833801270e-01 -7.768385857343673706e-02 2.570422410964965820e+00
-8.895354345440864563e-03 -2.388048171997070312e-01 1.426161050796508789e+00
4.260439276695251465e-01 1.927923224866390228e-02 1.339619278907775879e+00
3.374163806438446045e-01 9.066712111234664917e-03 1.029206275939941406e+00
6.527036428451538086e-01 -1.245508491992950439e-01 1.360590100288391113e+00
5.195989608764648438e-01 -5.088411271572113037e-02 1.062272548675537109e+00
2.509922087192535400e-01 -1.298924386501312256e-01 9.457665085792541504e-01
6.083475351333618164e-01 -1.511299461126327515e-01 1.421209216117858887e+00
4.629357159137725830e-01 -6.172863394021987915e-02 1.406063795089721680e+00
5.048751235008239746e-01 -8.808660507202148438e-02 1.424522995948791504e+00
4.109479486942291260e-01 -7.142348587512969971e-02 1.421230196952819824e+00
5.942036509513854980e-01 -1.130936965346336365e-01 1.440864801406860352e+00
1.611235737800598145e-01 1.552475849166512489e-03 1.446733236312866211e+00
1.275631487369537354e-01 -1.300038695335388184e-01 9.421655535697937012e-01
-2.018375992774963379e-01 8.945461362600326538e-02 1.262947916984558105e+00
-4.449185431003570557e-01 7.225760817527770996e-02 1.471092224121093750e+00
-3.390720784664154053e-01 9.411591291427612305e-02 1.151830077171325684e+00
-3.302474319934844971e-01 -3.024822473526000977e-01 1.976503610610961914e+00
-5.261059999465942383e-01 -2.030466645956039429e-01 1.708502650260925293e+00
-4.349031746387481689e-01 -1.755927950143814087e-01 1.645420432090759277e+00
-7.892009019851684570e-01 7.999553531408309937e-02 1.599607229232788086e+00
-8.069047927856445312e-01 -2.029664814472198486e-03 1.646801114082336426e+00
-5.855610370635986328e-01 7.703801244497299194e-02 1.447926759719848633e+00
-8.116473555564880371e-01 3.341423114761710167e-03 1.931207418441772461e+00
-3.091895878314971924e-01 1.032890900969505310e-01 8.281459212303161621e-01
-4.531219303607940674e-01 9.593059867620468140e-02 1.045410394668579102e+00
-7.815027832984924316e-01 -1.662374241277575493e-03 1.535617232322692871e+00
-7.988623380661010742e-01 -9.105437994003295898e-02 1.767481803894042969e+00
-8.185101747512817383e-01 -9.284584969282150269e-02 1.846206903457641602e+00
3.010310530662536621e-01 -1.195226833224296570e-01 9.499753713607788086e-01
2.858458757400512695e-01 -1.247551441192626953e-01 9.590223431587219238e-01
-3.769554197788238525e-01 -2.830325365066528320e-01 1.781192660331726074e+00
-3.625388145446777344e-01 -3.460601866245269775e-01 1.868077754974365234e+00
2.449217140674591064e-01 -9.516047686338424683e-02 1.018727302551269531e+00
-4.282356798648834229e-01 4.852273687720298767e-02 1.555330872535705566e+00
-8.153984546661376953e-01 -1.294346302747726440e-01 2.077337265014648438e+00
-8.363478183746337891e-01 -1.809654086828231812e-01 2.141820907592773438e+00
2.107702195644378662e-01 -4.281258583068847656e-02 9.596101045608520508e-01
1.291433274745941162e-01 3.487164154648780823e-02 5.957922935485839844e-01
7.129915952682495117e-01 -5.726262181997299194e-02 1.462525963783264160e+00
5.245696306228637695e-01 -4.951475188136100769e-02 1.069798469543457031e+00
6.058715581893920898e-01 -1.499923169612884521e-01 1.413809418678283691e+00
4.586506783962249756e-01 -6.151274219155311584e-02 1.396012902259826660e+00
4.123784601688385010e-01 -7.170315831899642944e-02 1.428498983383178711e+00
6.113205552101135254e-01 -6.917218118906021118e-02 1.440309643745422363e+00
5.637253522872924805e-01 -7.210232317447662354e-02 1.424290418624877930e+00
1.806981861591339111e-01 1.461861748248338699e-02 9.411920309066772461e-01
1.188455894589424133e-01 9.201157093048095703e-02 8.405097723007202148e-01
1.335669755935668945e-01 6.853386759757995605e-02 9.493144750595092773e-01
1.595323383808135986e-01 8.050829917192459106e-02 8.036835193634033203e-01
-3.416224790271371603e-04 9.413586556911468506e-02 8.854287862777709961e-01
2.779355458915233612e-02 8.995784074068069458e-02 1.085887670516967773e+00
1.078140661120414734e-01 9.063590317964553833e-02 1.069803953170776367e+00
1.481522917747497559e-01 -9.181481599807739258e-02 9.837328195571899414e-01
-6.190606206655502319e-02 8.936656266450881958e-02 7.906205058097839355e-01
-6.964839249849319458e-02 9.280971437692642212e-02 9.533113241195678711e-01
-4.348537325859069824e-01 7.963938266038894653e-02 1.473495125770568848e+00
-5.022650361061096191e-01 3.598938509821891785e-02 1.554551362991333008e+00
-1.138269975781440735e-01 9.336702525615692139e-02 8.026283383369445801e-01
-3.336908221244812012e-01 -3.044091463088989258e-01 1.983434557914733887e+00
-5.624942481517791748e-02 -3.336013257503509521e-01 2.281364440917968750e+00
-4.641734957695007324e-01 -1.921424716711044312e-01 1.694580197334289551e+00
-6.052873134613037109e-01 -6.356451660394668579e-02 1.991818308830261230e+00
-6.151075363159179688e-01 8.142498880624771118e-02 1.416306734085083008e+00
-7.853911519050598145e-01 7.898636907339096069e-02 1.593094706535339355e+00
-8.094342947006225586e-01 -3.241418395191431046e-03 1.649533987045288086e+00
-8.276460170745849609e-01 3.390306234359741211e-02 2.023057222366333008e+00
-3.452010154724121094e-01 9.281523525714874268e-02 1.068827748298645020e+00
-5.640998482704162598e-01 6.549014896154403687e-02 1.081992983818054199e+00
-7.609274983406066895e-01 8.455731719732284546e-02 1.242484569549560547e+00
-5.371027588844299316e-01 9.898880869150161743e-02 1.034822106361389160e+00
-5.192143321037292480e-01 1.010709702968597412e-01 1.052588343620300293e+00
-8.398873209953308105e-01 -2.432546466588973999e-01 2.065244436264038086e+00
-8.167347311973571777e-01 -1.960502117872238159e-01 1.994301795959472656e+00
-8.041501641273498535e-01 -9.106457233428955078e-02 1.778184771537780762e+00
-8.774579167366027832e-01 -1.047122702002525330e-01 1.402231097221374512e+00
1.889372020959854126e-01 -4.979650676250457764e-02 9.224642515182495117e-01
-4.332202970981597900e-01 5.388741195201873779e-02 1.569630503654479980e+00
5.213706493377685547e-01 -4.891638830304145813e-02 1.064620614051818848e+00
6.945354342460632324e-01 -6.682120263576507568e-02 1.384011507034301758e+00
1.290055513381958008e-01 3.477847576141357422e-02 5.957843661308288574e-01
-1.698500216007232666e-01 9.621139615774154663e-02 8.266078829765319824e-01
-6.970296800136566162e-02 9.332080930471420288e-02 9.543603062629699707e-01
1.325116008520126343e-01 8.322206884622573853e-02 8.338541388511657715e-01
5.066556930541992188e-01 -8.180036395788192749e-02 1.400433063507080078e+00
-5.731133222579956055e-01 7.064712047576904297e-02 1.085810899734497070e+00
-7.646906375885009766e-01 8.560834079980850220e-02 1.248449325561523438e+00
-8.525865674018859863e-01 7.923618704080581665e-02 1.703154206275939941e+00
-3.242918848991394043e-01 1.018980741500854492e-01 8.998747467994689941e-01
-3.102273046970367432e-01 1.021563485264778137e-01 8.562256097793579102e-01
-3.902966380119323730e-01 9.453699737787246704e-02 1.034723520278930664e+00
1.129389330744743347e-01 8.851182460784912109e-02 8.753414750099182129e-01
6.139971017837524414e-01 -1.504689157009124756e-01 1.428486585617065430e+00
7.078452110290527344e-01 -5.629415810108184814e-02 1.452721476554870605e+00
-4.400088191032409668e-01 9.290129691362380981e-02 1.021314859390258789e+00
-5.103005170822143555e-01 1.032054349780082703e-01 1.057454943656921387e+00
2.400474995374679565e-01 -9.528402984142303467e-02 1.005727887153625488e+00
2.446776479482650757e-01 -1.271331608295440674e-01 9.318767189979553223e-01
1.050662100315093994e-01 8.732914924621582031e-02 1.040617227554321289e+00
6.456495523452758789e-01 -1.701269745826721191e-01 1.330990552902221680e+00
6.626874208450317383e-01 -2.254185229539871216e-01 1.417842626571655273e+00
-8.426505923271179199e-01 -2.440677583217620850e-01 2.068815469741821289e+00
-8.243458867073059082e-01 -1.988579183816909790e-01 2.008112430572509766e+00
-4.235807657241821289e-01 5.288900807499885559e-02 1.635881304740905762e+00
-8.090091347694396973e-01 1.915721222758293152e-02 2.084907293319702148e+00
-5.376316308975219727e-01 -1.408658176660537720e-01 1.058353066444396973e+00
-8.965899348258972168e-01 -4.741686396300792694e-03 1.415736198425292969e+00
-4.659984707832336426e-01 -1.923851370811462402e-01 1.698851466178894043e+00
-8.210160732269287109e-01 -1.331432908773422241e-01 2.092231035232543945e+00
-4.949384629726409912e-01 3.432783856987953186e-02 1.536475300788879395e+00
1.856956034898757935e-01 -3.763716667890548706e-02 9.210033416748046875e-01
-1.251902282238006592e-01 9.449232369661331177e-02 8.627693057060241699e-01
-2.480197399854660034e-01 9.294077008962631226e-02 1.220136642456054688e+00
1.266848593950271606e-01 3.401691839098930359e-02 5.913044810295104980e-01
5.227554440498352051e-01 -4.973927512764930725e-02 1.066919922828674316e+00
7.206999659538269043e-01 -7.126843929290771484e-02 1.423127412796020508e+00
-4.490057826042175293e-01 9.543526917695999146e-02 1.035061955451965332e+00
-5.078991651535034180e-01 1.040320470929145813e-01 1.051825881004333496e+00
-6.691973656415939331e-02 9.295280277729034424e-02 8.936928510665893555e-01
4.685819745063781738e-01 -6.374715268611907959e-02 1.424896836280822754e+00
-3.312947154045104980e-01 1.000958606600761414e-01 9.872430562973022461e-01
-3.553258776664733887e-01 9.423746168613433838e-02 1.054815411567687988e+00
2.891497015953063965e-01 -1.186116933822631836e-01 9.600930213928222656e-01
1.846988350152969360e-01 1.526174321770668030e-02 9.569942951202392578e-01
-5.899752378463745117e-01 7.639531791210174561e-02 1.366278171539306641e+00
-8.123423457145690918e-01 7.231039553880691528e-02 1.830528736114501953e+00
-3.201677203178405762e-01 1.002886146306991577e-01 8.888028264045715332e-01
-1.194268232211470604e-03 9.135600924491882324e-02 9.832863807678222656e-01
5.192345380783081055e-01 -6.185739114880561829e-02 1.405848383903503418e+00
-8.042142391204833984e-01 -8.999525010585784912e-02 1.779965877532958984e+00
-5.690088272094726562e-01 6.282735615968704224e-02 1.087649941444396973e+00
2.292841672897338867e-01 -1.183491051197052002e-01 9.821267127990722656e-01
1.063535436987876892e-01 8.788970857858657837e-02 1.040514111518859863e+00
-8.272697329521179199e-01 -2.535922229290008545e-01 2.119513034820556641e+00
-4.178656637668609619e-01 -2.354921251535415649e-01 2.140404224395751953e+00
-4.542382359504699707e-01 -2.766149044036865234e-01 1.700654864311218262e+00
6.164117455482482910e-01 -1.502523720264434814e-01 1.433837771415710449e+00
7.115898728370666504e-01 -1.875841766595840454e-01 1.449974298477172852e+00
-5.769535899162292480e-01 7.684431225061416626e-02 1.428179621696472168e+00
-6.760208606719970703e-01 4.668229073286056519e-02 1.675315737724304199e+00
-2.197598963975906372e-01 9.478574246168136597e-02 1.338355422019958496e+00
-4.479997158050537109e-01 7.633402198553085327e-02 1.817698836326599121e+00
-5.334762930870056152e-01 -1.411352902650833130e-01 1.053720116615295410e+00
-4.229781031608581543e-01 6.945426017045974731e-02 1.425122976303100586e+00
-7.974513173103332520e-01 -1.334915123879909515e-02 1.935773968696594238e+00
-8.020509481430053711e-01 -1.757487058639526367e-01 2.057093620300292969e+00
-5.398669838905334473e-01 9.953904151916503906e-02 1.038100481033325195e+00
1.274931430816650391e-01 3.422174602746963501e-02 5.932794213294982910e-01
-1.961805159226059914e-03 9.025736898183822632e-02 9.718873500823974609e-01
3.165895491838455200e-02 9.207192808389663696e-02 1.106548309326171875e+00
1.939694136381149292e-01 4.610180854797363281e-02 9.609528779983520508e-01
1.792832762002944946e-01 2.831829711794853210e-02 9.372628331184387207e-01
2.092511206865310669e-01 1.593725755810737610e-02 9.561253786087036133e-01
1.829750239849090576e-01 1.504663750529289246e-02 9.506675004959106445e-01
5.258837938308715820e-01 -5.075841769576072693e-02 1.072862267494201660e+00
6.573844552040100098e-01 -6.409069895744323730e-02 1.324812889099121094e+00
-3.220281600952148438e-01 9.652820974588394165e-02 9.644218683242797852e-01
-3.366927802562713623e-01 9.395847469568252563e-02 1.065362095832824707e+00
-3.423016667366027832e-01 9.151653200387954712e-02 1.057860255241394043e+00
9.969685971736907959e-02 -2.404676228761672974e-01 1.590237975120544434e+00
-3.233036994934082031e-01 1.008290797472000122e-01 8.932988643646240234e-01
1.082631796598434448e-01 8.840873837471008301e-02 1.036044597625732422e+00
-7.954838871955871582e-01 7.944872230291366577e-02 1.612752795219421387e+00
4.427558183670043945e-01 -6.104284152388572693e-02 1.360811948776245117e+00
-5.525117516517639160e-01 5.809659883379936218e-02 1.059109449386596680e+00
-8.539792895317077637e-01 4.385994747281074524e-02 1.425718069076538086e+00
5.113072395324707031e-01 -6.201282143592834473e-02 1.384982824325561523e+00
1.157204806804656982e-01 9.017711877822875977e-02 8.886428475379943848e-01
6.772388815879821777e-01 -1.262550354003906250e-01 1.376403212547302246e+00
2.294239699840545654e-01 -1.192466020584106445e-01 9.800771474838256836e-01
-5.853898525238037109e-01 -1.707035303115844727e-01 1.786539673805236816e+00
-4.144872128963470459e-01 -3.126516044139862061e-01 2.154290199279785156e+00
-4.277308285236358643e-01 -2.225300222635269165e-01 1.649243712425231934e+00
-5.856343507766723633e-01 7.864288985729217529e-02 1.444529056549072266e+00
-5.329701900482177734e-01 3.770414367318153381e-02 1.526720881462097168e+00
-4.412029981613159180e-01 1.920489594340324402e-02 2.438106775283813477e+00
-7.091996073722839355e-01 2.933181636035442352e-02 1.397399306297302246e+00
6.100071668624877930e-01 -1.497267186641693115e-01 1.419432163238525391e+00
-4.560928642749786377e-01 6.567414849996566772e-02 2.047207832336425781e+00
-8.443340659141540527e-01 -6.726164370775222778e-02 2.291979074478149414e+00
-8.209297657012939453e-01 -1.246106624603271484e-02 1.993156909942626953e+00
-8.314167857170104980e-01 -1.368020027875900269e-01 2.115126609802246094e+00
-8.250532150268554688e-01 -9.277227520942687988e-02 2.014185428619384766e+00
-5.922194719314575195e-01 -1.253766268491744995e-01 1.096589088439941406e+00
-4.445798695087432861e-01 7.293183356523513794e-02 1.486952662467956543e+00
-4.282178580760955811e-01 5.387496203184127808e-02 1.553676843643188477e+00
-4.571888148784637451e-01 9.702370315790176392e-02 1.051798582077026367e+00
2.862229049205780029e-01 -1.179087907075881958e-01 9.520356655120849609e-01
5.118578076362609863e-01 -8.330120146274566650e-02 1.434695005416870117e+00
2.081726193428039551e-01 1.595763303339481354e-02 9.539331197738647461e-01
-5.820533037185668945e-01 -3.361125588417053223e-01 2.765224456787109375e+00
1.150575503706932068e-01 8.878783136606216431e-02 8.789407014846801758e-01
1.375067532062530518e-01 7.150519639253616333e-02 9.967673420906066895e-01
6.493661999702453613e-01 -5.278080701828002930e-02 1.367275595664978027e+00
2.580920159816741943e-01 -2.808202430605888367e-02 7.797523140907287598e-01
2.436493337154388428e-01 -4.504938796162605286e-02 1.064409852027893066e+00
-7.874565124511718750e-01 5.026847496628761292e-02 1.311863541603088379e+00
-5.391444563865661621e-01 3.710295259952545166e-02 1.533369898796081543e+00
-8.236836791038513184e-01 5.524439737200737000e-02 1.959418773651123047e+00
-4.444734156131744385e-01 2.097216062247753143e-02 2.478944301605224609e+00
2.075801044702529907e-01 -8.627697825431823730e-02 9.593353271484375000e-01
-3.777869939804077148e-01 7.798562943935394287e-02 1.845405697822570801e+00
-4.388489127159118652e-01 6.821498274803161621e-02 1.796488404273986816e+00
-7.904669642448425293e-01 7.835632562637329102e-02 1.605787277221679688e+00
-6.402546167373657227e-01 -3.728896845132112503e-03 1.230196237564086914e+00
-8.322564959526062012e-01 -1.004941165447235107e-01 1.392056703567504883e+00
-5.702490806579589844e-01 -1.009623408317565918e-01 1.083948373794555664e+00
-6.578880548477172852e-01 -1.048010364174842834e-01 2.012840032577514648e+00
-8.273725509643554688e-01 -7.097903639078140259e-02 2.253556966781616211e+00
-8.330029249191284180e-01 -9.479729086160659790e-02 2.033045768737792969e+00
-6.279498338699340820e-01 -1.911087147891521454e-02 2.538422822952270508e+00
-4.360503256320953369e-01 7.517374306917190552e-02 1.455031514167785645e+00
-5.156612396240234375e-01 3.534073382616043091e-02 1.604673266410827637e+00
-8.226417303085327148e-01 -9.037779271602630615e-02 1.822239518165588379e+00
-3.490407466888427734e-01 9.212267398834228516e-02 1.070784568786621094e+00
-3.179741799831390381e-01 -1.862708777189254761e-01 1.754197835922241211e+00
-2.033712118864059448e-01 8.800981938838958740e-02 1.256414175033569336e+00
-3.815232543274760246e-03 9.183689951896667480e-02 9.733273386955261230e-01
8.213762938976287842e-02 8.100703358650207520e-02 1.355699658393859863e+00
2.576838433742523193e-01 -7.717989850789308548e-03 7.859081029891967773e-01
1.077011376619338989e-01 8.653168380260467529e-02 1.014188647270202637e+00
1.282083094120025635e-01 6.757272034883499146e-02 9.609190225601196289e-01
4.084914326667785645e-01 -5.206935852766036987e-02 1.166553378105163574e+00
-4.916990399360656738e-01 -1.509875357151031494e-01 1.213336229324340820e+00
-5.926635861396789551e-01 7.935782521963119507e-02 1.458238840103149414e+00
-6.217274069786071777e-01 7.529997825622558594e-02 1.412833929061889648e+00
5.975065827369689941e-01 -1.134003251791000366e-01 1.227402567863464355e+00
-5.570886731147766113e-01 5.999536439776420593e-02 1.067188501358032227e+00
5.905271172523498535e-01 -1.150155588984489441e-01 1.421082854270935059e+00
5.959481596946716309e-01 -1.466720551252365112e-01 1.387822270393371582e+00
-7.831641435623168945e-01 7.377569377422332764e-02 1.583968400955200195e+00
2.112509012222290039e-01 -6.476187705993652344e-02 9.863444566726684570e-01
-4.325328469276428223e-01 7.263572514057159424e-02 1.447793126106262207e+00
-4.751789271831512451e-01 3.159555420279502869e-02 1.492553234100341797e+00
-6.161912679672241211e-01 -9.620223939418792725e-02 1.135513186454772949e+00
-6.523776650428771973e-01 -1.521644145250320435e-01 2.285393714904785156e+00
-8.430570363998413086e-01 -1.508684363216161728e-02 2.045078516006469727e+00
-8.051602840423583984e-01 -9.312225133180618286e-02 1.963621973991394043e+00
-5.293894410133361816e-01 -1.377610564231872559e-01 2.374999046325683594e+00
-6.165403723716735840e-01 -1.336097121238708496e-01 2.624589204788208008e+00
-8.163059949874877930e-01 -9.078721702098846436e-02 1.812623977661132812e+00
-3.490642607212066650e-01 9.178340435028076172e-02 1.065357685089111328e+00
-8.236836791038513184e-01 5.524439737200737000e-02 1.959418773651123047e+00
-3.735238313674926758e-01 -2.192853242158889771e-01 1.869105219841003418e+00
-7.462152242660522461e-01 -2.149597108364105225e-01 2.275655984878540039e+00
9.739661961793899536e-02 8.212488144636154175e-02 1.099719166755676270e+00
8.793482929468154907e-02 8.464055508375167847e-02 1.396535992622375488e+00
6.571093946695327759e-02 6.919256597757339478e-02 1.459136843681335449e+00
