0
-0.144000798
-0.147811592
-0.152252957
-0.154850617
-0.158252031
-0.154793888
-0.152778193
-0.151679754
-0.150339022
-0.150024906
-0.155498236
-0.160774171
-0.164177179
-0.169010937
-0.173172742
-0.177175105
-0.172043338
-0.172839537
-0.163254991
-0.157241806
-0.142636105
-0.138541892
-0.134430736
-0.134532943
-0.134410679
-0.139159232
-0.140990853
-0.143947512
-0.141656205
-0.138442561
-0.13034901
-0.124300227
-0.112766616
-0.103154078
-0.0982264727
-0.0894192159
-0.0932682678
-0.0943719447
-0.102027848
-0.108361088
-0.122911416
-0.131788105
-0.125678688
-0.133485228
-0.124977879
-0.128958046
-0.120226853
-0.124445103
-0.123978756
-0.125560269
-0.128033534
-0.13334401
-0.143300399
-0.142781436
-0.149339855
-0.149355844
-0.150697902
-0.140392765
-0.126693726
-0.134892032
-0.118965268
-0.126462072
-0.12271139
-0.12913388
-0.126735047
-0.128372535
-0.141115934
-0.136811927
-0.131943598
-0.133852303
-0.139924988
-0.125106424
-0.129250601
-0.119302973
-0.111484922
-0.116522722
-0.121340707
-0.127098128
-0.135317549
-0.144661546
-0.15556559
-0.159685463
-0.165045843
-0.159726173
-0.167633414
-0.160940379
-0.162115932
-0.162229508
-0.155964315
-0.164176121
-0.164680392
-0.17408374
-0.175944895
-0.18618688
-0.187064141
-0.185878113
-0.176515982
-0.178634509
-0.16839397
-0.171727553
-0.154196471
-0.156576276
-0.147994116
-0.14866586
-0.145284191
-0.151724637
-0.156895697
-0.158675253
-0.163783088
-0.1621788
-0.163362369
-0.15197508
-0.153610945
-0.140520275
-0.137186289
-0.131330252
-0.12712267
-0.130004704
-0.130471066
-0.133583069
-0.140750557
-0.146157548
-0.147709683
-0.150925383
-0.15284425
-0.150046781
-0.147532299
-0.144295216
-0.142234564
-0.139319807
-0.140661985
-0.146366715
-0.150376245
-0.157622278
-0.163131103
-0.171467736
-0.17395252
-0.176095754
-0.17934531
-0.170444608
-0.173590615
-0.161690101
-0.164399847
-0.161518529
-0.166177094
-0.167469278
-0.174628899
-0.183905289
-0.188066199
-0.184536651
-0.185911074
-0.178839803
-0.183037862
-0.171392873
-0.170827508
-0.164678216
-0.17348218
-0.167770371
-0.17624943
-0.177247316
-0.191181973
-0.193479612
-0.201882437
-0.201987475
-0.201152027
-0.203380018
-0.192432612
-0.196444541
-0.187494859
-0.193548709
-0.186651587
-0.196700081
-0.194989815
-0.198911369
-0.204281315
-0.217005998
-0.223630875
-0.214806512
-0.205576167
-0.199746221
-0.190174446
-0.187780082
-0.174500242
-0.175421312
-0.169919714
-0.169341505
-0.17410697
-0.163329273
-0.172918335
-0.166807234
-0.173455268
-0.156594306
-0.162323281
-0.146897405
-0.129390627
-0.133327365
-0.132385597
-0.139823839
-0.136044085
-0.145042628
-0.159368277
-0.16905053
-0.161930576
-0.172204986
-0.167834088
-0.175691187
-0.163670555
-0.159812361
-0.165196434
-0.164371878
-0.163552791
-0.166011736
-0.175498962
-0.183602244
-0.196072355
-0.194422767
-0.201913178
-0.195458576
-0.204714924
-0.192404494
-0.197007209
-0.18072924
-0.171273306
-0.17062737
-0.174014181
-0.178191572
-0.17535153
-0.182911023
-0.181852564
-0.193736568
-0.183355391
-0.183296368
-0.176204339
-0.179103106
-0.165477499
-0.167115018
-0.161317185
-0.163479358
-0.161445618
-0.169240564
-0.172537997
-0.173517451
-0.178613916
-0.1750305
-0.175937623
-0.169858471
-0.168073788
-0.15775542
-0.148406193
-0.145530835
-0.138733551
-0.13826187
-0.135403723
-0.140467927
-0.142500192
-0.138328478
-0.141998053
-0.132358134
-0.124405801
-0.117065147
-0.105380066
-0.0999429077
-0.0923677832
-0.094755508
-0.0881197825
-0.0937570259
-0.0955882594
-0.102410309
-0.102026425
-0.106486894
-0.110004254
-0.103473313
-0.103363745
-0.0982871875
-0.0965944231
-0.0907989517
-0.0976469666
-0.0994499847
-0.108055681
-0.118495546
-0.134167895
-0.143130943
-0.152584791
-0.153634921
-0.161942527
-0.155460283
-0.161834642
-0.15774025
-0.160269156
-0.156795979
-0.165026873
-0.171729758
-0.170710236
-0.17872183
-0.192477316
-0.189241409
-0.196838394
-0.180814683
-0.184889361
-0.168859825
-0.169739544
-0.157285288
-0.156950712
-0.157575399
-0.153586179
-0.156619847
-0.153899059
-0.160009116
-0.143786594
-0.142973736
-0.143476978
-0.129473761
-0.120721206
-0.117526323
-0.111083798
-0.0999061614
-0.10180366
-0.104220033
-0.110189527
-0.11416579
-0.118489958
-0.116557948
-0.122808278
-0.12132518
-0.128674969
-0.117363691
-0.122076117
-0.116482437
-0.117815152
-0.115119517
-0.1183035
-0.131355688
-0.135455176
-0.14299646
-0.150811791
-0.156526089
-0.149076045
-0.156325355
-0.149061456
-0.150691435
-0.140241489
-0.130647629
-0.138331845
-0.130628318
-0.136905879
-0.146494821
-0.155201882
-0.160812557
-0.168828696
-0.168283731
-0.170258105
-0.174484104
-0.169190347
-0.16707404
-0.16509743
-0.162324995
-0.166927025
-0.170881212
-0.174216092
-0.182180196
-0.191585541
-0.194879457
-0.200431705
-0.202639461
-0.199366212
-0.198212117
-0.191817924
-0.187765643
-0.183763832
-0.182495028
-0.182964697
-0.190211385
-0.1947411
-0.195985079
-0.203159109
-0.201643854
-0.202142239
-0.196276203
-0.187862501
-0.184286833
-0.171073094
-0.160475522
-0.158894822
-0.151827887
-0.156785145
-0.158882231
-0.16357258
-0.154639125
-0.153843105
-0.152419791
-0.152835414
-0.15794079
-0.146781385
-0.123957306
-0.125019178
-0.11735715
-0.126952782
-0.125844106
-0.132290885
-0.142738968
-0.157636791
-0.16214259
-0.170937523
-0.177501991
-0.176321432
-0.184631944
-0.194351271
-0.179505214
-0.18342115
-0.19094573
-0.198268235
-0.20818685
-0.209479526
-0.220068455
-0.22384353
-0.22991319
-0.225756735
-0.229836598
-0.224290371
-0.217164427
-0.214761034
-0.210200921
-0.212940589
-0.210137576
-0.208825573
-0.219231606
-0.219978794
-0.212708279
-0.218653157
-0.214584962
-0.213991553
-0.197157249
-0.179126352
-0.179212168
-0.179395989
-0.163854614
-0.158628777
-0.167588413
-0.166295335
-0.180273339
-0.170901805
-0.179529265
-0.169117734
-0.177460834
-0.167168662
-0.173339814
-0.154332668
-0.147225708
-0.146212295
-0.147767454
-0.149535745
-0.15805842
-0.164851859
-0.16268748
-0.172829673
-0.162910581
-0.167798087
-0.157249719
-0.161131471
-0.140432701
-0.144259989
-0.131429553
-0.134482354
-0.123584785
-0.131753847
-0.135731861
-0.142228395
-0.152469665
-0.147203252
-0.156534836
-0.150037155
-0.152047381
-0.145957828
-0.148870945
-0.140267938
-0.142378047
-0.144746348
-0.151033252
-0.154932395
-0.166119039
-0.174515635
-0.1795028
-0.183918923
-0.187930197
-0.186838359
-0.185639396
-0.183523357
-0.179319531
-0.179608405
-0.176357716
-0.180477828
-0.184147537
-0.187314942
-0.192358613
-0.193516299
-0.197724909
-0.186255068
-0.186986372
-0.174685895
-0.16509296
-0.145194188
-0.141594827
-0.133505404
-0.133596972
-0.129109502
-0.135460839
-0.133616254
-0.140103579
-0.133081317
-0.131671324
-0.126232505
-0.116624124
-0.108820215
-0.0945305079
-0.0944894999
-0.083321102
-0.0931990147
-0.0841270611
-0.0918012857
-0.105574951
-0.115468524
-0.125120893
-0.118271239
-0.130990878
-0.123685196
-0.129999012
-0.121758699
-0.12592122
-0.125787199
-0.124517784
-0.134106919
-0.133537322
-0.143760949
-0.147662386
-0.15873377
-0.164035529
-0.171116084
-0.170113176
-0.158738777
-0.168914378
-0.156817779
-0.164795831
-0.162405983
-0.160359487
-0.15841198
-0.155853689
-0.166152075
-0.176184312
-0.159845546
-0.154764906
-0.15337345
-0.153960422
-0.146090448
-0.151490793
-0.148267999
-0.148857787
-0.152197286
-0.159870684
-0.166371405
-0.166471496
-0.176515147
-0.174022898
-0.184124857
-0.178084344
-0.181766123
-0.173554435
-0.160418555
-0.169347584
-0.144950926
-0.153258339
-0.154708207
-0.15796788
-0.162310869
-0.163880587
-0.158398002
-0.16825518
-0.172678456
-0.16661194
-0.150548771
-0.154214218
-0.145275325
-0.138431683
-0.125593856
-0.127873287
-0.121340469
-0.129954502
-0.131346151
-0.133852959
-0.137263343
-0.133573368
-0.141892925
-0.131079912
-0.134733215
-0.126928702
-0.12442942
-0.119418912
-0.116637424
-0.120324284
-0.121797279
-0.132755548
-0.140404627
-0.148122191
-0.15493241
-0.161444128
-0.166659653
-0.168075264
-0.168626547
-0.164644808
-0.166330948
-0.164712593
-0.170048058
-0.175550625
-0.180282608
-0.187805861
-0.195421919
-0.20324643
-0.20545961
-0.209997058
-0.215898648
-0.204713076
-0.209387124
-0.198267624
-0.201323211
-0.194042906
-0.19753401
-0.197327152
-0.196740746
-0.201102883
-0.20583646
-0.213331714
-0.198861822
-0.2008899
-0.189344883
-0.179738462
-0.177862436
-0.164452106
-0.171445876
-0.154428557
-0.163209692
-0.1650327
-0.172990769
-0.180648759
-0.190380439
-0.189436838
-0.18194662
-0.186224654
-0.186602667
-0.194131419
-0.166681349
-0.173797831
-0.168744907
-0.163461506
-0.173574924
-0.183999151
-0.197720692
-0.192691341
-0.199961916
-0.194864362
-0.185884818
-0.185867339
-0.173831552
-0.174106508
-0.165018857
-0.164871022
-0.161185056
-0.149268419
-0.147340953
-0.155520886
-0.170756951
-0.17427808
-0.183317944
-0.174109086
-0.159551501
-0.169655204
-0.177649915
-0.157255277
-0.161979169
-0.169945851
-0.155265078
-0.16419518
-0.174259856
-0.184716165
-0.195102066
-0.209634334
-0.208434507
-0.208300084
-0.205207705
-0.203326002
-0.203171387
-0.198664621
-0.200655848
-0.201876193
-0.204981223
-0.210417181
-0.218115568
-0.219774723
-0.220886052
-0.219797477
-0.209778428
-0.204056501
-0.194358274
-0.175884798
-0.168002397
-0.15930897
-0.151351959
-0.157661736
-0.153087363
-0.160790563
-0.159932971
-0.161501214
-0.160359934
-0.161970928
-0.157904193
-0.154073685
-0.144093677
-0.139560848
-0.129619688
-0.133044973
-0.128850728
-0.13659896
-0.141553357
-0.141260132
-0.147414997
-0.147829771
-0.148455784
-0.145459443
-0.138427794
-0.13703078
-0.130952537
-0.130687669
-0.130029976
-0.135553658
-0.138465509
-0.145065784
-0.152883619
-0.15456745
-0.161046401
-0.156618059
-0.151319519
-0.14519982
-0.131311089
-0.12839593
-0.118989281
-0.122297846
-0.119152017
-0.126769155
-0.126390159
-0.135553345
-0.139080346
-0.136694312
-0.138784379
-0.141059652
-0.133501634
-0.123722374
-0.124361791
-0.115427002
-0.115503028
-0.122959971
-0.132709801
-0.148582652
-0.158804566
-0.164287597
-0.171606943
-0.167280406
-0.17511487
-0.169298768
-0.171121106
-0.172173783
-0.168232217
-0.161564603
-0.156144977
-0.165503487
-0.175924242
-0.174178481
-0.181876495
-0.181789771
-0.191246673
-0.183992431
-0.185313836
-0.170839846
-0.170641929
-0.162996858
-0.156092942
-0.151057109
-0.142883033
-0.14681074
-0.14037618
-0.151083648
-0.123421326
-0.126880124
-0.120235652
-0.115009025
-0.110311642
-0.101062208
-0.0942481607
-0.0883709937
-0.0875749588
-0.0955868959
-0.103608631
-0.118574686
-0.12868005
-0.137213364
-0.142506033
-0.14474456
-0.153736189
-0.143697828
-0.157636777
-0.15156199
-0.156465203
-0.152084544
-0.160601795
-0.163240135
-0.166443378
-0.178773984
-0.178307131
-0.188393593
-0.180600584
-0.18753244
-0.177647501
-0.178579792
-0.166501954
-0.169065461
-0.157727107
-0.160081968
-0.163825646
-0.161198199
-0.168607458
-0.170329615
-0.173523262
-0.179653153
-0.171291575
-0.171144143
-0.161824688
-0.156689927
-0.150944054
-0.148517057
-0.142386526
-0.14448297
-0.146331102
-0.154680699
-0.161805257
-0.163080856
-0.170134619
-0.171794951
-0.168609217
-0.165639028
-0.159332886
-0.157487541
-0.154355615
-0.154760078
-0.159928486
-0.159652978
-0.164778695
-0.169579938
-0.171711043
-0.170642674
-0.16939725
-0.170720652
-0.160561293
-0.158669382
-0.151026294
-0.1418688
-0.147724837
-0.149385482
-0.153225183
-0.157282785
-0.165958211
-0.161858886
-0.171646133
-0.17897433
-0.177148253
-0.14981699
-0.153747305
-0.138768941
-0.146189541
-0.141338676
-0.148407206
-0.149308965
-0.158819154
-0.169887558
-0.177458599
-0.187761411
-0.19179067
-0.199693337
-0.206601053
-0.198809862
-0.196415722
-0.205446303
-0.196886346
-0.212072492
-0.203710184
-0.213807002
-0.208008453
-0.220007628
-0.230241358
-0.238195628
-0.224353045
-0.215332747
-0.219050243
-0.211585552
-0.215842709
-0.203051388
-0.20522368
-0.193320155
-0.195992842
-0.197732002
-0.193684265
-0.196636856
-0.207461745
-0.193512037
-0.202967182
-0.184802145
-0.186552286
-0.158392414
-0.166900888
-0.164511994
-0.154588193
-0.158615693
-0.158174604
-0.161115438
-0.164862543
-0.166975185
-0.16907151
-0.165916398
-0.165893912
-0.159039497
-0.15512
-0.148085162
-0.149647206
-0.150575981
-0.149212644
-0.155757189
-0.159566373
-0.171393126
-0.17370899
-0.179806083
-0.179336637
-0.177584305
-0.174399048
-0.16993165
-0.162473217
-0.151859716
-0.156878382
-0.145532131
-0.150211915
-0.160327777
-0.162984908
-0.166749924
-0.165764853
-0.175743312
-0.166578606
-0.176259756
-0.175804764
-0.169746876
-0.164118379
-0.164403528
-0.159589618
-0.164730117
-0.172614589
-0.177574858
-0.182239518
-0.18345286
-0.189076915
-0.187447906
-0.184821472
-0.181203842
-0.175497487
-0.16865468
-0.161895469
-0.160874262
-0.158058405
-0.158437178
-0.160458311
-0.166046277
-0.163676187
-0.167709261
-0.159614891
-0.157246977
-0.147424817
-0.140816376
-0.120426238
-0.114420958
-0.104016133
-0.101621203
-0.100864381
-0.103553176
-0.101209015
-0.102406189
-0.10672868
-0.101531751
-0.0982360765
-0.0909170434
-0.0914159492
-0.079730317
-0.0799531117
-0.0715899691
-0.0776975602
-0.085818693
-0.101518922
-0.111815169
-0.121714234
-0.125182748
-0.13905862
-0.140867874
-0.139163926
-0.146637037
-0.145620883
-0.147407144
-0.147402138
-0.14404805
-0.153773859
-0.153271034
-0.163896069
-0.172282234
-0.18197605
-0.186509237
-0.189338565
-0.199144587
-0.182965353
-0.190552875
-0.186747894
-0.187751502
-0.17831786
-0.181566373
-0.170503259
-0.180419907
-0.183200642
-0.18998158
-0.168035731
-0.162962243
-0.162418425
-0.156496927
-0.153547987
-0.149894506
-0.141688481
-0.140630797
-0.145761445
-0.142638996
-0.156655595
-0.150761962
-0.16060169
-0.158521444
-0.16384308
-0.164610967
-0.16682753
-0.158182129
-0.152444884
-0.146253511
-0.138182685
-0.142058372
-0.134986088
-0.137236267
-0.136336744
-0.139558688
-0.145899832
-0.143325701
-0.140345812
-0.147535145
-0.130137235
-0.136092335
-0.120091736
-0.12058147
-0.109790064
-0.113009885
-0.110868402
-0.112145893
-0.116953105
-0.121433929
-0.131438881
-0.13260594
-0.140438631
-0.13947992
-0.141457707
-0.138051674
-0.138113037
-0.135857329
-0.132350311
-0.135599867
-0.140700549
-0.149325714
-0.156611398
-0.165396273
-0.177328497
-0.180098325
-0.185475767
-0.188150063
-0.191809282
-0.190571487
-0.188508987
-0.190244794
-0.191381648
-0.194910005
-0.195610583
-0.204210013
-0.205843687
-0.210495442
-0.211828321
-0.210316777
-0.214365348
-0.201813102
-0.200518295
-0.184954494
-0.184157223
-0.178225011
-0.166485548
-0.167591348
-0.170834318
-0.177550256
-0.171029031
-0.178233579
-0.16652514
-0.164357305
-0.162895396
-0.151413575
-0.152565315
-0.12886171
-0.131238222
-0.124205582
-0.135995194
-0.132066935
-0.140715927
-0.135397941
-0.144614294
-0.154557988
-0.163687259
-0.165679976
-0.157383502
-0.165843517
-0.147495985
-0.159171075
-0.156314969
-0.166409224
-0.176942736
-0.189403415
-0.199061304
-0.199630231
-0.201686814
-0.208506554
-0.202942804
-0.204994842
-0.194406331
-0.199821115
-0.187557414
-0.180189893
-0.18208234
-0.183745906
-0.185556635
-0.189775974
-0.198404878
-0.200437129
-0.210644424
-0.199061707
-0.208021075
-0.188732877
-0.18003498
-0.186748281
-0.168918967
-0.178117856
-0.192438945
-0.201106682
-0.20563668
-0.207224905
-0.207548305
-0.216831788
-0.212417513
-0.206762999
-0.203206703
-0.198383138
-0.194122493
-0.191348419
-0.187943548
-0.189836562
-0.191000149
-0.196299702
-0.199692458
-0.199936181
-0.19828634
-0.195571586
-0.189150214
-0.179378852
-0.163819909
-0.152142644
-0.143772542
-0.139142692
-0.12784256
-0.135906294
-0.125459254
-0.135909945
-0.131381378
-0.135214061
-0.135692105
-0.136817962
-0.130486622
-0.128739268
-0.113310672
-0.116126917
-0.109905653
-0.114377595
-0.11696478
-0.124243662
-0.130342707
-0.13696973
-0.148187295
-0.150654256
-0.154776171
-0.156252652
-0.153705239
-0.154716805
-0.148560226
-0.153032109
-0.153467759
-0.157384202
-0.164648026
-0.166121498
-0.174011409
-0.174251661
-0.178991318
-0.176846743
-0.174102604
-0.168963268
-0.15386425
-0.152008399
-0.138120875
-0.141616955
-0.135329649
-0.140511706
-0.140108988
-0.140745893
-0.145671427
-0.149468467
-0.14222762
-0.133451805
-0.128903896
-0.11562214
-0.10934791
-0.0971462578
-0.0974415839
-0.0925781131
-0.105366997
-0.11551246
-0.125736713
-0.133146659
-0.141454801
-0.128967687
-0.134731531
-0.139718741
-0.137444019
-0.135377258
-0.137401029
-0.122401886
-0.131680816
-0.137633711
-0.147483185
-0.144956797
-0.154744357
-0.14626722
-0.159987822
-0.152614251
-0.159851164
-0.147127911
-0.147114381
-0.138926432
-0.128371552
-0.132547721
-0.125703469
-0.134861007
-0.137909964
-0.151676625
-0.129661128
-0.13054812
-0.126539871
-0.121534079
-0.118539736
-0.114116043
-0.117665201
-0.117762201
-0.123519711
-0.12682578
-0.137571767
-0.144495189
-0.154562578
-0.156975791
-0.166835368
-0.163215607
-0.172511369
-0.168406501
-0.173622876
-0.164729968
-0.169359803
-0.16962035
-0.171479627
-0.174443886
-0.17556183
-0.184644654
-0.180877298
-0.191332504
-0.18503423
-0.185130462
-0.172179803
-0.16815111
-0.153056964
-0.146233827
-0.143853202
-0.145626336
-0.14821811
-0.148385704
-0.152900264
-0.157158211
-0.151218325
-0.157560855
-0.149855897
-0.146064475
-0.139783069
-0.134548455
-0.124939874
-0.119717635
-0.119542688
-0.122730874
-0.127853185
-0.127481565
-0.132255405
-0.141234279
-0.142160267
-0.143570662
-0.142203942
-0.141416833
-0.137322277
-0.136099905
-0.135738194
-0.138904959
-0.144382402
-0.147215798
-0.158894867
-0.162673205
-0.169802025
-0.172379375
-0.177829072
-0.180235356
-0.175590143
-0.170979664
-0.17315039
-0.169991329
-0.168643951
-0.167179868
-0.172439277
-0.175842971
-0.185243994
-0.177713677
-0.181778893
-0.187234342
-0.195355654
-0.169850796
-0.175426483
-0.163044095
-0.171898052
-0.158411741
-0.155223474
-0.163340703
-0.177730352
-0.178168371
-0.184307113
-0.198549539
-0.198694468
-0.194315746
-0.203969225
-0.196575984
-0.186614409
-0.187972873
-0.172446758
-0.18199864
-0.172067568
-0.182573348
-0.193529055
-0.203280374
-0.194078058
-0.201646328
-0.208251283
-0.204024389
-0.201411396
-0.190541893
-0.189042613
-0.175559506
-0.174187422
-0.168174654
-0.161582589
-0.165237218
-0.16614531
-0.16659677
-0.176907316
-0.16485621
-0.170333758
-0.152391031
-0.160081461
-0.159638941
-0.147767529
-0.150338873
-0.143247843
-0.150915563
-0.157313883
-0.164121315
-0.168660998
-0.174368158
-0.177500486
-0.176490992
-0.178755745
-0.17440398
-0.1733969
-0.169585168
-0.170889273
-0.173856169
-0.172571331
-0.180491209
-0.18700771
-0.193585411
-0.199096903
-0.202399716
-0.201829255
-0.201091245
-0.1930217
-0.185077488
-0.183392122
-0.170076549
-0.172429815
-0.167559803
-0.171801895
-0.170077473
-0.178729564
-0.178659633
-0.171777278
-0.179599255
-0.17408374
-0.178433523
-0.162855402
-0.164493412
-0.161357492
-0.153425187
-0.149007022
-0.149609253
-0.154614255
-0.155244872
-0.161200508
-0.165651143
-0.167193592
-0.16686064
-0.165955797
-0.160671979
-0.153240204
-0.148271725
-0.139678463
-0.135269508
-0.13134636
-0.13317211
-0.134071693
-0.139321372
-0.137181252
-0.141361058
-0.137722105
-0.13280195
-0.11802265
-0.111151651
-0.101037793
-0.0949033052
-0.0883327797
-0.0891038477
-0.0845207497
-0.0889704898
-0.0890579075
-0.0940497518
-0.0998939127
-0.107581079
-0.108029947
-0.102804035
-0.105275109
-0.0968943313
-0.103555426
-0.0881015211
-0.0927166119
-0.100119174
-0.110040203
-0.120569445
-0.131178662
-0.142248213
-0.144300699
-0.153647661
-0.157555789
-0.168522999
-0.167585775
-0.169500574
-0.171366498
-0.161582276
-0.171686724
-0.164323941
-0.177028358
-0.186737105
-0.195131555
-0.197823718
-0.188291565
-0.196574762
-0.188028142
-0.193115801
-0.178489745
-0.18036899
-0.169948027
-0.160376206
-0.160947308
-0.156473413
-0.155792102
-0.165286958
-0.142689005
-0.141600028
-0.139872864
-0.134111583
-0.13193287
-0.123780772
-0.109970629
-0.113266252
-0.11106132
-0.104615465
-0.11254999
-0.120115668
-0.130477741
-0.129876077
-0.136253089
-0.134858459
-0.136898577
-0.132162616
-0.124760181
-0.123219796
-0.118616253
-0.127204642
-0.125658214
-0.120976247
-0.13221696
-0.140665472
-0.148154795
-0.156806305
-0.147886291
-0.156767994
-0.1552715
-0.151162043
-0.138492584
-0.14190954
-0.130727649
-0.136197075
-0.132818699
-0.136339828
-0.144293651
-0.146125749
-0.155286849
-0.15521349
-0.165245637
-0.163879633
-0.161892056
-0.159594119
-0.152244747
-0.153689608
-0.148870617
-0.154599264
-0.158132881
-0.163105652
-0.168150574
-0.177967444
-0.184463516
-0.188102826
-0.193942174
-0.192103356
-0.190358475
-0.183398336
-0.183337763
-0.180838019
-0.178730592
-0.179520711
-0.180804834
-0.184022352
-0.188046843
-0.192628592
-0.19434078
-0.19019556
-0.19201158
-0.17754212
-0.173931107
-0.165062904
-0.159471348
-0.147332489
-0.143243387
-0.145661563
-0.149571136
-0.147720054
-0.154205456
-0.151018903
-0.149841383
-0.154317185
-0.151913211
-0.114003725
-0.118098259
-0.104577549
-0.112077773
-0.111257479
-0.118752956
-0.11827217
-0.126879945
-0.140525356
-0.149335966
-0.15948157
-0.160537273
-0.169462323
-0.176112458
-0.185606107
-0.166078955
-0.174181148
-0.184304252
-0.195077986
-0.210023373
-0.215053722
-0.224738553
-0.230671778
-0.225029483
-0.232112706
-0.224282086
-0.226847887
-0.216042563
-0.216403991
-0.207231104
-0.202338234
-0.204496309
-0.201047882
-0.213366866
-0.203816146
-0.212991059
-0.200413823
-0.211283222
-0.194169953
-0.202653199
-0.18034856
-0.157468036
-0.166465536
-0.1595103
-0.172435448
-0.173537061
-0.174917907
-0.176819608
-0.177248538
-0.178263173
-0.18032293
-0.178015068
-0.172174066
-0.168465108
-0.160724908
-0.157610595
-0.157172829
-0.156081006
-0.154457152
-0.16348125
-0.164187595
-0.167273954
-0.169487834
-0.166125193
-0.163320154
-0.15611133
-0.142983288
-0.135145888
-0.125319824
-0.115835935
-0.121028803
-0.11790368
-0.127143666
-0.12816973
-0.136353925
-0.140884772
-0.142868534
-0.149875358
-0.152910933
-0.14522019
-0.146569118
-0.138147742
-0.136241317
-0.130305916
-0.137112528
-0.144916549
-0.150750056
-0.157234281
-0.164615944
-0.171642259
-0.174357817
-0.18023257
-0.179756746
-0.177497968
-0.173597321
-0.171093494
-0.17113547
-0.169721723
-0.172435179
-0.178297013
-0.176014155
-0.183645025
-0.18557702
-0.18357937
-0.180299401
-0.173856691
-0.160123959
-0.143183514
-0.136179551
-0.124972366
-0.125473797
-0.118931264
-0.123032928
-0.120198086
-0.124558225
-0.121189564
-0.123643331
-0.116675898
-0.105905205
-0.101408273
-0.0878724456
-0.0835251212
-0.073958531
-0.0729256272
-0.0723843724
-0.0811388344
-0.09131331
-0.101953506
-0.101965956
-0.110209614
-0.11208085
-0.119124942
-0.11795266
-0.118867576
-0.114793174
-0.10650371
-0.10894227
-0.118610501
-0.121530347
-0.131268874
-0.141235486
-0.151618913
-0.156626254
-0.166234434
-0.161907703
-0.166949943
-0.163038462
-0.161204308
-0.158077389
-0.142301559
-0.150776774
-0.151917994
-0.161962733
-0.16931051
-0.176710486
-0.152542606
-0.151538774
-0.149615601
-0.144002467
-0.142640144
-0.138750851
-0.135014653
-0.131746158
-0.138775468
-0.147000879
-0.157043114
-0.163937733
-0.168695733
-0.166189373
-0.175090164
-0.173072383
-0.16919063
-0.157221496
-0.159713879
-0.148411661
-0.14917618
-0.145441815
-0.145762593
-0.1527531
-0.148764551
-0.158688396
-0.152419627
-0.162059665
-0.151612565
-0.151229247
-0.1422479
-0.12623857
-0.121399231
-0.113234133
-0.115686439
-0.112704173
-0.109055199
-0.116145693
-0.119772807
-0.124743097
-0.124415278
-0.12333867
-0.124801069
-0.122829273
-0.118542202
-0.110692926
-0.109744936
-0.109045357
-0.111082248
-0.115124665
-0.115553409
-0.120982178
-0.137367293
-0.145562157
-0.150178254
-0.155262187
-0.158121079
-0.157286912
-0.155888975
-0.15518032
-0.156851843
-0.156640857
-0.162943348
-0.172394738
-0.177864656
-0.181380644
-0.19078137
-0.196485996
-0.1966784
-0.198230982
-0.198646039
-0.196092159
-0.192799941
-0.187224671
-0.185218066
-0.179109544
-0.186546296
-0.185144678
-0.196225211
-0.192449585
-0.199211985
-0.201260135
-0.193876699
-0.16609621
-0.165703535
-0.152413696
-0.154786661
-0.140073523
-0.14843294
-0.148294419
-0.154566273
-0.163153052
-0.175536677
-0.170077488
-0.179207534
-0.172425792
-0.17362465
-0.171543702
-0.160706744
-0.158586815
-0.148361266
-0.157501236
-0.155092791
-0.168901786
-0.169820532
-0.177631155
-0.170282558
-0.176708579
-0.183468699
-0.178786457
-0.178486452
-0.166880041
-0.164678693
-0.155194938
-0.152128324
-0.154652357
-0.150793001
-0.15919058
-0.165051833
-0.170417562
-0.180558652
-0.170679882
-0.179704413
-0.18415983
-0.181206137
-0.176729679
-0.164815009
-0.170413792
-0.161376715
-0.167262062
-0.174715281
-0.181159407
-0.189737201
-0.193352446
-0.199848995
-0.197157666
-0.202581808
-0.196278185
-0.196120188
-0.193334684
-0.190196723
-0.190874472
-0.19244355
-0.198481038
-0.19997324
-0.205775961
-0.208110571
-0.208420977
-0.204971671
-0.189948723
-0.191901416
-0.172922254
-0.178242862
-0.155565426
-0.14171648
-0.141399831
-0.146296084
-0.139528438
-0.144838721
-0.152096152
-0.150139689
-0.15934217
-0.150853515
-0.151499927
-0.14369154
-0.140805423
-0.129419491
-0.127667755
-0.119070366
-0.120173037
-0.11910931
-0.124939419
-0.128734618
-0.135682359
-0.134793669
-0.138183042
-0.139780596
-0.136194512
-0.132136509
-0.122373402
-0.121019185
-0.114255719
-0.117755361
-0.117065027
-0.123452455
-0.126211599
-0.132154793
-0.13832128
-0.13496533
-0.136747405
-0.132069781
-0.130202457
-0.118134081
-0.116433173
-0.106992565
-0.108992904
-0.103542119
-0.107841909
-0.114177629
-0.1174381
-0.121232003
-0.12740849
-0.125642568
-0.123387605
-0.124315009
-0.116064832
-0.112175308
-0.108746536
-0.111684158
-0.103998378
-0.111825347
-0.109924443
-0.121919453
-0.122922339
-0.13183105
-0.130227447
-0.126180843
-0.132199153
-0.12087287
-0.126613781
-0.11710833
-0.121026076
-0.119771808
-0.130794257
-0.13014476
-0.138294935
-0.134265929
-0.146656737
-0.137317851
-0.145765841
-0.134837121
-0.121357702
-0.121981896
-0.12179292
-0.10475795
-0.0953033492
-0.102455802
-0.0975910574
-0.105464101
-0.0963184461
-0.106220491
-0.108157434
-0.116338454
-0.104498595
-0.1111646
-0.0969682559
-0.078293927
-0.0785626248
-0.0695129111
-0.0722610429
-0.0761904493
-0.084021017
-0.0966423452
-0.104314998
-0.102773979
-0.111468591
-0.112376206
-0.11787042
-0.11529167
-0.110699199
-0.115192637
-0.119249895
-0.115502417
-0.119497582
-0.128103122
-0.134166688
-0.147423863
-0.141943321
-0.149798244
-0.147460476
-0.154403016
-0.144731641
-0.143720001
-0.136583298
-0.130152866
-0.133316338
-0.134818882
-0.14045316
-0.141830087
-0.147208035
-0.151053011
-0.157939285
-0.15675807
-0.155988976
-0.150992662
-0.148469344
-0.138788998
-0.136582807
-0.131007314
-0.134110898
-0.134418339
-0.139527231
-0.147856906
-0.153019696
-0.159949988
-0.161224693
-0.162428111
-0.15874438
-0.156480253
-0.151615083
-0.149411485
-0.143897012
-0.144761413
-0.145273432
-0.149879992
-0.153980926
-0.160661981
-0.160706252
-0.162844956
-0.156344965
-0.153143525
-0.145285517
-0.139278993
-0.13187784
-0.126404166
-0.12842758
-0.128645703
-0.138002113
-0.142615154
-0.147683978
-0.153388962
-0.156514049
-0.160677105
-0.152463332
-0.15331234
-0.136360511
-0.13524358
-0.131323352
-0.137169674
-0.139949337
-0.149472222
-0.159629926
-0.171365485
-0.18125616
-0.190675318
-0.202709064
-0.198816866
-0.208220318
-0.196578279
-0.198755622
-0.198428959
-0.203371197
-0.210362092
-0.220874563
-0.23026529
-0.228084221
-0.239500761
-0.235450134
-0.241236582
-0.237893134
-0.235225603
-0.219104186
-0.215629861
-0.208069921
-0.205403179
-0.19820106
-0.195772618
-0.197556883
-0.192803174
-0.197661877
-0.191343993
-0.195090413
-0.182071611
-0.181153342
-0.169965759
-0.163117677
-0.150691882
-0.155946061
-0.145429805
-0.136567727
-0.137568608
-0.143293649
-0.156853721
-0.154670745
-0.158888564
-0.155799732
-0.138459295
-0.1462145
-0.130582646
-0.126870826
-0.124315374
-0.131478548
-0.124781199
-0.130464494
-0.138969287
-0.146607578
-0.160121337
-0.156406924
-0.161843583
-0.153100938
-0.158081651
-0.149331212
-0.153857291
-0.141925812
-0.133412644
-0.135133624
-0.14399913
-0.146370918
-0.148452133
-0.155293047
-0.159871355
-0.170615599
-0.162368953
-0.166902199
-0.160734564
-0.16384095
-0.154577196
-0.156181708
-0.155225158
-0.157867208
-0.160378292
-0.166150451
-0.173255324
-0.179326892
-0.181863025
-0.181589231
-0.179038256
-0.173319086
-0.168099403
-0.159692913
-0.151221812
-0.148450002
-0.144183144
-0.147771209
-0.148770064
-0.152164757
-0.151955441
-0.150534526
-0.146893606
-0.139966875
-0.129446536
-0.120955467
-0.111633606
-0.107865006
-0.0951385051
-0.100961059
-0.0876110718
-0.0938854814
-0.0921454653
-0.0957107022
-0.0928075761
-0.0890256241
-0.0874529034
-0.0801110268
-0.0819188952
-0.0680889785
-0.071926184
-0.0644579232
-0.0767616332
-0.072828576
-0.0793880671
-0.0889580101
-0.103570163
-0.0970060825
-0.105788812
-0.106853187
-0.10174486
-0.108171985
-0.109466657
-0.107524857
-0.107026003
-0.115849093
-0.125016972
-0.134013191
-0.143512502
-0.15395993
-0.160709009
-0.169707999
-0.157567158
-0.165154487
-0.161270514
-0.136131883
-0.13797614
-0.132438675
-0.134829298
-0.135509208
-0.141517892
-0.146235391
-0.150491863
-0.151750997
-0.160990581
-0.150361612
-0.156255051
-0.140409857
-0.129234672
-0.127465993
-0.126972467
-0.114557631
-0.114854626
-0.121937521
-0.117751881
-0.127986833
-0.121789664
-0.131638139
-0.124645531
-0.135992348
-0.12066412
-0.127955452
-0.112739407
-0.0937573761
-0.0965727121
-0.0982632712
-0.10642799
-0.10389971
-0.110321812
-0.111191563
-0.121528588
-0.115585312
-0.116658598
-0.109147534
-0.112126432
-0.102657802
-0.101004787
-0.0910030752
-0.0925451666
-0.0893817917
-0.0961307511
-0.104752399
-0.108599909
-0.117907032
-0.122268684
-0.12917839
-0.127128169
-0.1308579
-0.128471538
-0.130703598
-0.126216456
-0.128624156
-0.134590924
-0.139235526
-0.148426399
-0.161475018
-0.169821426
-0.178006053
-0.183234453
-0.189370841
-0.191195965
-0.188573837
-0.186319456
-0.184020758
-0.184903607
-0.183437213
-0.191439867
-0.194163471
-0.201679364
-0.206472784
-0.208110899
-0.211789876
-0.205916613
-0.203132659
-0.191985473
-0.184988648
-0.175187141
-0.169601619
-0.163456991
-0.160320938
-0.163983688
-0.166151389
-0.169895396
-0.173412621
-0.173066869
-0.173098549
-0.166815639
-0.163943604
-0.142366588
-0.137547225
-0.131768346
-0.13167794
-0.134055763
-0.139739454
-0.142572284
-0.146812215
-0.156821653
-0.153653592
-0.162804544
-0.159791455
-0.16550599
-0.156025857
-0.155317396
-0.15265204
-0.153901458
-0.160312369
-0.169149041
-0.176390097
-0.184512019
-0.189295009
-0.203003049
-0.200624838
-0.203893587
-0.205734745
-0.196961686
-0.19421038
-0.189169407
-0.189070806
-0.185515806
-0.186110243
-0.188141122
-0.189510524
-0.195890963
-0.201723546
-0.203428
-0.206090122
-0.19850336
-0.200577438
-0.198798746
-0.191843823
-0.181792036
-0.181979358
-0.18054463
-0.179601565
-0.184502542
-0.189436659
-0.199373499
-0.208550945
-0.201878816
-0.202829763
-0.189914882
-0.19516243
-0.183460429
-0.170832083
-0.174919635
-0.177977562
-0.16805312
-0.171901822
-0.176687911
-0.175736442
-0.185816497
-0.1798715
-0.181868762
-0.170661464
-0.174201205
-0.154709861
-0.157803357
-0.131076053
-0.132364541
-0.118021712
-0.121900119
-0.119288236
-0.117840677
-0.125002667
-0.126323998
-0.129481211
-0.125926152
-0.125721395
-0.11879997
-0.116551869
-0.110207915
-0.109782949
-0.105034135
-0.110136926
-0.109810486
-0.122074172
-0.129111856
-0.136953488
-0.145077348
-0.146588176
-0.152848423
-0.151929483
-0.152337998
-0.149198696
-0.148581132
-0.145992175
-0.148349479
-0.151128039
-0.155008018
-0.160462663
-0.166810706
-0.170113966
-0.170337781
-0.171158791
-0.164026499
-0.162111923
-0.150541499
-0.147088468
-0.137702391
-0.141685739
-0.135169566
-0.145081699
-0.145121202
-0.151434511
-0.150844023
-0.143754974
-0.146173209
-0.147718877
-0.130391642
-0.11678654
-0.113495298
-0.100377552
-0.10773439
-0.0910119414
-0.0945315287
-0.0989959538
-0.106211774
-0.116354972
-0.125296548
-0.123435952
-0.106182441
-0.107509628
-0.100998268
-0.102791727
-0.095738925
-0.0987632349
-0.0994937494
-0.106522068
-0.102768093
-0.110711396
-0.115289882
-0.123363204
-0.11736735
-0.111927114
-0.114885986
-0.115660869
-0.101153739
-0.0882917196
-0.0931497663
-0.089317441
-0.101158649
-0.0965815037
-0.106206656
-0.113468572
-0.127303451
-0.119017377
-0.126263872
-0.119629048
-0.111320406
-0.113417491
-0.114139266
-0.104941554
-0.0986368358
-0.10732685
-0.107698128
-0.116306216
-0.126318842
-0.129057184
-0.139247656
-0.146941513
-0.14471668
-0.149460986
-0.145307198
-0.147861868
-0.137377635
-0.145716831
-0.146046326
-0.149414971
-0.158481315
-0.164631888
-0.1736186
-0.167053938
-0.176099524
-0.165244892
-0.168692797
-0.150938153
-0.15321219
-0.13415803
-0.135098189
-0.129367799
-0.129725561
-0.134046838
-0.135157719
-0.141603917
-0.144821241
-0.144868687
-0.142871886
-0.139337808
-0.134788826
-0.130622104
-0.123231322
-0.121106364
-0.115424022
-0.11948514
-0.122750148
-0.128808498
-0.135094956
-0.138180733
-0.143161327
-0.143688709
-0.145602226
-0.142224655
-0.136019617
-0.136002898
-0.133658394
-0.135671377
-0.137162566
-0.14560914
-0.153501675
-0.162205458
-0.168428019
-0.172707289
-0.174397647
-0.173899353
-0.171252891
-0.165638506
-0.161847606
-0.15871349
-0.156823128
-0.159649789
-0.165039048
-0.171929449
-0.175917611
-0.180322573
-0.188380912
-0.188232407
-0.191129506
-0.183094859
-0.171923429
-0.165761143
-0.162957013
-0.162262246
-0.168049857
-0.173520595
-0.182581276
-0.190560758
-0.190984696
-0.200440854
-0.203668818
-0.207564279
-0.199467927
-0.203687847
-0.191125825
-0.185461119
-0.186545581
-0.184299156
-0.195209265
-0.197668552
-0.204218373
-0.213709414
-0.212236479
-0.21185258
-0.218915835
-0.200854272
-0.202283084
-0.190871507
-0.186396569
-0.17494449
-0.17320624
-0.169911951
-0.169325486
-0.175064161
-0.169785216
-0.169566423
-0.165226832
-0.169135928
-0.158699706
-0.158882827
-0.149323195
-0.143677801
-0.13994889
-0.134265468
-0.143914402
-0.140804633
-0.148336098
-0.161571607
-0.169099659
-0.163150921
-0.167698175
-0.177205086
-0.159599513
-0.166780457
-0.154951304
-0.1594937
-0.152657777
-0.161056355
-0.16724211
-0.169596493
-0.180134654
-0.184122056
-0.191360742
-0.185099721
-0.188760877
-0.184833184
-0.187817633
-0.173136756
-0.17927976
-0.164857253
-0.169437215
-0.161174938
-0.166870609
-0.174998701
-0.175693944
-0.18229194
-0.176514864
-0.181328833
-0.172101706
-0.174369335
-0.162156835
-0.161602259
-0.151553661
-0.152893752
-0.153572902
-0.15495427
-0.157770082
-0.166043743
-0.170480058
-0.17240648
-0.171649635
-0.169303
-0.163908571
-0.157172352
-0.146967396
-0.143309548
-0.135705441
-0.132433087
-0.134861693
-0.135998458
-0.137769848
-0.137283787
-0.13740918
-0.134505913
-0.130809382
-0.120213963
-0.112029165
-0.104835115
-0.095303975
-0.100051664
-0.0878796428
-0.0916171819
-0.0935281441
-0.0983578414
-0.101794958
-0.106505334
-0.107125498
-0.103304498
-0.105579875
-0.0995896384
-0.102872036
-0.0921552181
-0.0986043215
-0.0970086157
-0.102857761
-0.106785804
-0.11708992
-0.12668249
-0.136638582
-0.12690489
-0.133501381
-0.14054361
-0.142912269
-0.131603971
-0.131004542
-0.136481911
-0.137815505
-0.15074493
-0.154917389
-0.164980367
-0.171009436
-0.185891852
-0.178570926
-0.188439578
-0.16678986
-0.150614485
-0.145272702
-0.147407591
-0.139620483
-0.128098026
-0.1318416
-0.125550911
-0.136386305
-0.128653795
-0.134666845
-0.139263093
-0.152509078
-0.141214401
-0.142095551
-0.127666876
-0.124970146
-0.107180782
-0.114006139
-0.102936074
-0.0962724611
-0.102100313
-0.10085693
-0.109550692
-0.108056121
-0.11716716
-0.111040905
-0.118356839
-0.104526505
-0.111257687
-0.0947469622
-0.094933778
-0.0927360877
-0.097021915
-0.104434788
-0.110161416
-0.119465552
-0.124619387
-0.130603537
-0.131091639
-0.130299255
-0.128818855
-0.12846002
-0.121050037
-0.118227541
-0.112582251
-0.119186953
-0.118472688
-0.127794981
-0.133591145
-0.140910015
-0.149834529
-0.155424446
-0.160409167
-0.156305969
-0.159794986
-0.155961215
-0.154502735
-0.15367803
-0.158177778
-0.165696725
-0.170816615
-0.18323034
-0.18685016
-0.193628579
-0.197862208
-0.199832946
-0.198443323
-0.195671588
-0.191023201
-0.187758952
-0.18179059
-0.184846118
-0.183595747
-0.187112182
-0.188264877
-0.194853589
-0.199676067
-0.196778357
-0.197272569
-0.189897791
-0.183640361
-0.173704952
-0.164510593
-0.155589089
-0.152873173
-0.14564991
-0.141806632
-0.146747023
-0.145598471
-0.150586665
-0.154611841
-0.148503959
-0.149822995
-0.14326039
-0.137132958
-0.131182685
-0.126811787
-0.118582964
-0.117607184
-0.119588993
-0.127072766
-0.137588859
-0.146223441
-0.156419337
-0.157666177
-0.171326697
-0.170188308
-0.173176304
-0.175399095
-0.171408489
-0.177051187
-0.177607298
-0.187772691
-0.195570409
-0.205816269
-0.211915895
-0.223197326
-0.23225975
-0.235218346
-0.230619207
-0.232981816
-0.227629125
-0.226292282
-0.217484668
-0.216738001
-0.212907284
-0.209746659
-0.213195175
-0.212562889
-0.215838447
-0.216897503
-0.216088355
-0.216060728
-0.208926961
-0.205115125
-0.196986482
-0.188479319
-0.177533984
-0.171393946
-0.165594146
-0.166073889
-0.175923973
-0.185354516
-0.176034659
-0.178423718
-0.187171921
-0.180073127
-0.166396379
-0.172400877
-0.155936986
-0.157078832
-0.143639266
-0.136208668
-0.144569755
-0.143439621
-0.153477058
-0.149984837
-0.15502803
-0.153199375
-0.16152741
-0.144605771
-0.149389237
-0.125577867
-0.130880326
-0.114780165
-0.120272949
-0.109677896
-0.11520879
-0.123770311
-0.127326444
-0.139561087
-0.14007996
-0.146386117
-0.143438756
-0.147114858
-0.138177574
-0.139316142
-0.131857261
-0.138027221
-0.136393771
-0.144047379
-0.155663431
-0.163715929
-0.171736807
-0.178948626
-0.186859608
-0.188461736
-0.189822689
-0.187057227
-0.187263414
-0.182837561
-0.180226818
-0.179000571
-0.180847138
-0.181833491
-0.185923234
-0.189766482
-0.189284384
-0.191516042
-0.185708657
-0.183488995
-0.171248823
-0.165146261
-0.149510458
-0.144855842
-0.133246884
-0.134202048
-0.133305922
-0.136878684
-0.129857555
-0.134342268
-0.139244974
-0.1398478
-0.125460252
-0.117762618
-0.111545332
-0.103804715
-0.100613199
-0.0795449391
-0.0761264041
-0.0751126185
-0.0847255737
-0.0807770267
-0.0876053125
-0.0946879461
-0.0907832757
-0.0962955281
-0.103179902
-0.096623823
-0.0880812928
-0.0900137872
-0.0872600824
-0.0971843153
-0.0918116495
-0.100934245
-0.10648302
-0.118439473
-0.123641543
-0.132921249
-0.138062865
-0.141362697
-0.130274802
-0.137969285
-0.129530787
-0.119642653
-0.126369551
-0.117233984
-0.125213802
-0.132456824
-0.141554236
-0.150119111
-0.158705369
-0.156038374
-0.16346395
-0.152075246
-0.15825735
-0.139950797
-0.132015631
-0.136714295
-0.126952127
-0.130967438
-0.13590306
-0.14325738
-0.14136672
-0.147950679
-0.154913127
-0.152939782
-0.150810868
-0.145359054
-0.129036158
-0.133946151
-0.12304271
-0.121971533
-0.127579823
-0.129116446
-0.126645595
-0.135987476
-0.144488811
-0.137717262
-0.141678751
-0.131239176
-0.133820146
-0.116612501
-0.11342483
-0.103866003
-0.104770623
-0.103837229
-0.103842951
-0.110211559
-0.111892976
-0.121131904
-0.122342408
-0.122647114
-0.120418735
-0.120736122
-0.113468535
-0.113679439
-0.106598221
-0.114218213
-0.116540432
-0.123796366
-0.135745436
-0.143431097
-0.150196791
-0.158484638
-0.165814295
-0.164945647
-0.166946024
-0.167137712
-0.164524645
-0.164095908
-0.166172251
-0.172076896
-0.177782729
-0.186053053
-0.197974712
-0.201957569
-0.208094284
-0.209532842
-0.207749769
-0.205440685
-0.200664997
-0.195982903
-0.19106552
-0.187986538
-0.186389029
-0.189187422
-0.191665933
-0.195768759
-0.198860377
-0.201525539
-0.205997884
-0.20103009
-0.198595062
-0.181871966
-0.175048918
-0.168072954
-0.162721246
-0.160470575
-0.168612748
-0.162259743
-0.172239065
-0.180957139
-0.181756034
-0.195274085
-0.190031782
-0.199666053
-0.187808484
-0.184284329
-0.17851235
-0.173692435
-0.171893433
-0.173419431
-0.177114367
-0.182612583
-0.19190377
-0.193195552
-0.201422304
-0.193061337
-0.198313624
-0.191710666
-0.186938569
-0.176212251
-0.173066989
-0.165878966
-0.165509194
-0.165778577
-0.168808743
-0.173671246
-0.169187993
-0.176666483
-0.177803248
-0.182780489
-0.176319614
-0.178468704
-0.16995734
-0.1698623
-0.165519163
-0.161659986
-0.1663156
-0.167367682
-0.176595926
-0.184696689
-0.191260979
-0.201142147
-0.197186023
-0.20657149
-0.183183417
-0.194559291
-0.181460693
-0.189001292
-0.179208621
-0.174170166
-0.18334496
-0.187808573
-0.200487331
-0.198111355
-0.205793798
-0.193557307
-0.201018944
-0.181758478
-0.186129898
-0.162812233
-0.16957961
-0.152486295
-0.161221325
-0.15775378
-0.151928067
-0.162034139
-0.165228337
-0.164819017
-0.156023383
-0.159008443
-0.148501009
-0.148844779
-0.133241922
-0.130073354
-0.12541765
-0.126585081
-0.128455445
-0.132335693
-0.139992818
-0.144930974
-0.148787037
-0.151646227
-0.149557248
-0.146516636
-0.139310881
-0.134778365
-0.129829779
-0.129676536
-0.123953968
-0.133110821
-0.134954691
-0.140533552
-0.145029649
-0.14885816
-0.152935833
-0.147022575
-0.145951077
-0.138523221
-0.134603694
-0.127620742
-0.114747234
-0.11476586
-0.116623253
-0.125975639
-0.129676193
-0.136437446
-0.138221234
-0.138773516
-0.141749278
-0.143709749
-0.143214151
-0.131768152
-0.133039877
-0.122633912
-0.127479002
-0.117621928
-0.125101432
-0.126311257
-0.138882697
-0.142817199
-0.151774406
-0.1506861
-0.154256254
-0.146967903
-0.15281795
-0.14177072
-0.132153645
-0.138697237
-0.133824021
-0.140711904
-0.144611195
-0.155060694
-0.160030648
-0.167254239
-0.161356032
-0.169339642
-0.14928332
-0.151731089
-0.138696149
-0.126063898
-0.124914847
-0.112049177
-0.114502281
-0.107782193
-0.112579271
-0.111777768
-0.119416133
-0.125135005
-0.133889467
-0.12111643
-0.126203075
-0.105493203
-0.109557614
-0.092286706
-0.0831083655
-0.0921642631
-0.0811355859
-0.087312229
-0.0963019654
-0.105293863
-0.113479212
-0.127766669
-0.122834176
-0.13116312
-0.114746504
-0.11909581
-0.117682368
-0.120362356
-0.123451114
-0.125530556
-0.132392526
-0.141874388
-0.152189702
-0.154981777
-0.160777628
-0.161362827
-0.167737812
-0.157782495
-0.157699749
-0.144972786
-0.1482348
-0.13985981
-0.145543769
-0.147315904
-0.150838926
-0.158729002
-0.165416554
-0.171320245
-0.164424255
-0.169735551
-0.163225323
-0.160063937
-0.151411861
-0.147020742
-0.14395915
-0.144502088
0
-0.147929087
-0.153891638
-0.159727201
-0.163968518
-0.170412585
-0.170075819
-0.169681042
-0.16614446
-0.16128099
-0.159860149
-0.151875138
-0.151036099
-0.149877146
-0.153736666
-0.156814247
-0.162690848
-0.166919574
-0.167861089
-0.168812439
-0.165359825
-0.161911443
-0.153617203
-0.149383977
-0.139396891
-0.135766074
-0.13390696
-0.135856688
-0.140980557
-0.145866603
-0.150904641
-0.158088431
-0.160530239
-0.161295101
-0.161721259
-0.161004364
-0.146187708
-0.144705608
-0.145448938
-0.144942194
-0.142053589
-0.152043507
-0.16218622
-0.169030145
-0.179505616
-0.191438183
-0.19916603
-0.210726395
-0.212815642
-0.22012721
-0.211522043
-0.21478188
-0.219196856
-0.220928162
-0.225242481
-0.226855725
-0.234721795
-0.235701606
-0.242316976
-0.241110042
-0.248095766
-0.236590996
-0.232364818
-0.228806406
-0.221705824
-0.215763122
-0.209937304
-0.202527389
-0.206232727
-0.203156218
-0.206314042
-0.209605858
-0.208764464
-0.205291867
-0.196252882
-0.196862385
-0.192411765
-0.191222087
-0.17842713
-0.1717242
-0.165165126
-0.158240214
-0.167771727
-0.161117539
-0.169334635
-0.167780027
-0.173214734
-0.166952312
-0.169273481
-0.15207994
-0.145507768
-0.144370079
-0.134915411
-0.133326486
-0.13686575
-0.143399939
-0.149594679
-0.155485481
-0.162163138
-0.16520834
-0.17291601
-0.162442833
-0.163899437
-0.15413332
-0.156344667
-0.146422252
-0.148447439
-0.145702288
-0.144464493
-0.154600888
-0.16070354
-0.168071285
-0.16982381
-0.176886469
-0.176724359
-0.178946033
-0.171211794
-0.169337556
-0.167301387
-0.167965621
-0.165449262
-0.170012042
-0.175142944
-0.181984544
-0.185335264
-0.194391966
-0.197530761
-0.196874544
-0.196777016
-0.186064154
-0.184056088
-0.177071303
-0.167182267
-0.164524645
-0.158083022
-0.159542084
-0.160696134
-0.162703902
-0.162545517
-0.159981996
-0.159882843
-0.152006209
-0.135957554
-0.128480077
-0.121723704
-0.110953346
-0.107733399
-0.102002919
-0.101421922
-0.100623205
-0.102459259
-0.106114082
-0.105531827
-0.105863579
-0.102439389
-0.100127175
-0.0925986767
-0.0811405554
-0.0784418285
-0.0740519911
-0.0733809173
-0.0787027702
-0.0834098011
-0.089285627
-0.0948942155
-0.108913749
-0.11562182
-0.116242468
-0.113427773
-0.122757398
-0.115474246
-0.124440774
-0.116385214
-0.122448891
-0.131489545
-0.141919717
-0.153935507
-0.164075866
-0.167971447
-0.181970775
-0.174360409
-0.183690324
-0.173028231
-0.169739887
-0.170005456
-0.160344496
-0.147670567
-0.146830186
-0.152500734
-0.147792608
-0.161471009
-0.166376904
-0.16609332
-0.168532819
-0.168298632
-0.159840137
-0.154616132
-0.142637953
-0.13462849
-0.132512301
-0.128053978
-0.132542387
-0.131525725
-0.13736935
-0.136305436
-0.144715458
-0.14347142
-0.148560926
-0.135222465
-0.140054658
-0.126969382
-0.127960265
-0.11957708
-0.112383246
-0.113619223
-0.115529448
-0.120721228
-0.125310451
-0.128865167
-0.130009979
-0.125234291
-0.123971425
-0.116818793
-0.109720141
-0.108876467
-0.0981786624
-0.0944602713
-0.0952816606
-0.097822085
-0.103860877
-0.115396559
-0.12119551
-0.125691682
-0.132204801
-0.13511616
-0.138006911
-0.133592561
-0.135005236
-0.132684693
-0.133826464
-0.136810079
-0.147817224
-0.156900078
-0.164225906
-0.174063116
-0.183659673
-0.189097986
-0.19204779
-0.196928322
-0.194297314
-0.191056848
-0.190333426
-0.188579604
-0.191125333
-0.192370698
-0.198541701
-0.205017969
-0.208989963
-0.21458216
-0.214646578
-0.211241871
-0.206317782
-0.201716363
-0.193519816
-0.17984058
-0.172656953
-0.164197281
-0.163286999
-0.163871631
-0.165483177
-0.172941878
-0.171777889
-0.177585319
-0.170930743
-0.171181515
-0.163303271
-0.155977383
-0.149489596
-0.138451532
-0.139957041
-0.133953631
-0.144416347
-0.144643903
-0.154512912
-0.159739256
-0.165408283
-0.169537991
-0.163272083
-0.171019286
-0.165056735
-0.159981519
-0.159614265
-0.165089816
-0.170474812
-0.178682312
-0.188460052
-0.196898922
-0.201200351
-0.199589491
-0.203889653
-0.210312352
-0.202849105
-0.203404292
-0.196547553
-0.192527056
-0.188745201
-0.184637353
-0.18975991
-0.189457968
-0.198316395
-0.202813655
-0.208551034
-0.20979248
-0.209590539
-0.204835907
-0.201446846
-0.194190189
-0.187385529
-0.185296103
-0.177111119
-0.179568678
-0.189886495
-0.198193967
-0.202913165
-0.206911907
-0.203118771
-0.207956031
-0.204234704
-0.183126047
-0.172442541
-0.170312688
-0.161659941
-0.162482977
-0.162973836
-0.166490436
-0.172847718
-0.17877385
-0.174515307
-0.178947657
-0.16689235
-0.168784857
-0.153652728
-0.144393981
-0.130555928
-0.127333
-0.114516795
-0.10170944
-0.10311719
-0.1052946
0
-0.104213566
-0.101908103
-0.0997715443
-0.0916164964
-0.0750950724
-0.0680236369
-0.054592967
-0.0433250219
-0.0286169164
-0.0140221566
0.00154504413
0.0455882996
0.0833221078