0.292300582
0.291101515
0.284593254
0.286308259
0.289670467
0.293378353
0.303662777
0.315732092
0.326484501
0.328934222
0.336548269
0.33661586
0.340967804
0.329891473
0.328650445
0.323595524
0.317395329
0.316429973
0.310079753
0.317840576
0.32805267
0.333022326
0.343092829
0.346583575
0.349976718
0.342616081
0.337006509
0.323142827
0.315671563
0.307752132
0.297737896
0.291360915
0.28314361
0.297004998
0.29124552
0.303207994
0.300193965
0.310309201
0.320983261
0.310339063
0.311980546
0.301781774
0.298946053
0.295198768
0.298143476
0.306593716
0.316612989
0.325846046
0.333465666
0.345538944
0.345105946
0.346886724
0.346249878
0.335529804
0.33205694
0.321641088
0.309470683
0.303939313
0.308111697
0.313104033
0.321331263
0.324715018
0.321594149
0.337271422
0.327297211
0.317185938
0.307282448
0.312299252
0.308457464
0.299102157
0.290810585
0.276396215
0.284870237
0.29373166
0.298275977
0.304284811
0.312689811
0.312141448
0.315297395
0.311737537
0.305074573
0.304620355
0.299379766
0.301235586
0.310345858
0.310703516
0.324025035
0.335189432
0.349348813
0.354426324
0.362685084
0.362325013
0.357918948
0.344961792
0.339773744
0.33288911
0.32745418
0.322489589
0.321795732
0.315854639
0.322623521
0.324049383
0.333231002
0.341443986
0.34066835
0.345054895
0.338015556
0.331370026
0.324504077
0.318042487
0.309652328
0.29885444
0.297912925
0.294941574
0.299403131
0.304554701
0.306096435
0.311553627
0.308099627
0.302921444
0.298607826
0.294946015
0.283299059
0.276167512
0.271684617
0.270925015
0.271047354
0.274567991
0.288531393
0.291935712
0.297181457
0
0
0
0
0.293531299
0.282413393
0.279878885
0.277393252
0.275419593
0.279999971
0.288427413
0.295271844
0.30018273
0.30285725
0.301514119
0.297260106
0.286031693
0.275932908
0.272967815
0.264720172
0.253500968
0.25108853
0.261806577
0.265132606
0.272726804
0.279068857
0.291177154
0.285460413
0.291082203
0.283881664
0.282229334
0.27813974
0.273278385
0.270990074
0.271963805
0.285878181
0.28976804
0.304095507
0.306911975
0.318276584
0.32364428
0.339945555
0.34281823
0.335537672
0.328980893
0.316969663
0.313289464
0.310694784
0.313533872
0.319650382
0.31810376
0.327560246
0.331577688
0.330802232
0.32923618
0.322728515
0.315839857
0.305540174
0.296991765
0.287024915
0.27121222
0.261366665
0.270603538
0.27083534
0.27806741
0.279780358
0.298232615
0.301133603
0.293188184
0.293232799
0.283932954
0.280193985
0.270396709
0.260923266
0.26455456
0.269603878
0.268912017
0.285918027
0.299968123
0.303809106
0.325465262
0.314457804
0.324588031
0.319479734
0.323546529
0.31136775
0.314645171
0.308934391
0.299079716
0.301487803
0.306888014
0.323210418
0.319873273
0.332290262
0.326650441
0.339871883
0.325956017
0.318002254
0.308089763
0.308388263
0.302711368
0.306034446
0.307500929
0.317132711
0.325129569
0.334085971
0.343850344
0.345625699
0.345868647
0.344499677
0.339035898
0.336477458
0.333108515
0.332068056
0.327484548
0.332421064
0.337770581
0.343339294
0.349153966
0.355085105
0.35868746
0.34915641
0.346568882
0.338185728
0.329764068
0.314455181
0.303801119
0.29378888
0.283952087
0.290867567
0.288361132
0.292589903
0.296826184
0.299126744
0.296662033
0.293688536
0.290826648
0.280336559
0.270720661
0.260647148
0.2466847
0.241340995
0.243674427
0.251620114
0.254858822
0.265086889
0.277599871
0.282005221
0.297310174
0.2879906
0.289302766
0.279756188
0.286175907
0.282430202
0.299222887
0.307836413
0.317697406
0.339327633
0.338796526
0.348181069
0.366577595
0.359224111
0.369884253
0.360956401
0.354975104
0.341678202
0.343032807
0.345429391
0.341492921
0.354594469
0.354472518
0.366488993
0.366578937
0.371441811
0.36449495
0.354615748
0.345359087
0.33668974
0.328514814
0.323454708
0.323771
0.318632573
0.31891194
0.325602978
0.331941575
0.336248189
0.33717972
0.324916124
0.322408557
0.314498991
0.310588002
0.30008924
0.297632426
0.292192012
0.29522112
0.299026281
0.306160092
0.326430053
0.327500492
0.329268783
0.336372077
0.32866773
0.320652902
0.314742953
0.305279553
0.292816728
0.283924192
0.274099678
0.28039977
0.276222527
0.278767586
0.292214602
0.296898663
0.301751286
0.303592563
0.301600426
0.290385753
0.289582968
0.282857925
0.274808258
0.274712533
0.276711017
0.285108924
0.293704778
0.298776835
0.308446765
0.314062774
0.313719034
0.314915508
0.31148836
0.300919533
0.298445374
0.295927942
0.295113713
0.299528539
0.304575533
0.315128207
0.332405508
0.343379259
0.346491277
0.353251249
0.35112229
0.346696407
0.341144413
0.332826763
0.32814005
0.322835296
0.318802029
0.320324183
0.319497466
0.330247521
0.335115731
0.333018064
0.332356632
0.322186708
0.312350303
0.297224849
0.289666206
0.279563844
0.263569891
0.252647907
0.242131233
0.235704288
0.232071564
0.239563286
0.242745996
0.256554574
0.246325344
0.247136697
0.246154308
0.238518193
0.247630969
0.252292305
0.251004845
0.253873527
0.264355004
0.276087344
0.286216259
0.291892588
0.299805284
0.301093251
0.304017603
0.300906152
0.303265482
0.296974331
0.29644835
0.298584461
0.305840164
0.321362376
0.329707205
0.335458159
0.351475567
0.356612206
0.351451755
0.353193581
0.346907109
0.341542602
0.335938871
0.326037288
0.311199248
0.314661145
0.312554836
0.303216368
0.319885015
0.322606564
0.327777117
0.325510204
0.31991592
0.311879247
0.307427526
0.299581677
0.316569597
0.311934382
0.30256176
0.304596215
0.30374378
0.298281968
0.329501987
0.347793192
0.34033531
0.353845537
0.33870244
0.329274297
0.318901092
0.310989141
0.295939535
0.294388741
0.288170397
0.289556533
0.286755413
0.298403889
0.299295664
0.306624413
0.312673539
0.30377388
0.299531132
0.292356431
0.283948958
0.277019292
0.273937643
0.267729491
0.270141393
0.274103761
0.283437282
0.286270946
0.29953146
0.302779466
0.305395216
0.307277262
0.307130337
0.302733243
0.301569372
0.304277211
0.304681629
0.316005021
0.323047966
0.335883111
0.348285258
0.353881717
0.364371687
0.363839775
0.363613755
0.358389586
0.351333648
0.345750779
0.331964821
0.32943356
0.321073174
0.326039523
0.332589477
0.336596131
0.347428441
0.349602282
0.359399319
0.352499843
0.342920572
0.333700299
0.327346504
0.317545354
0.302878857
0.303142786
0.29387635
0.307729304
0.296171278
0.300311267
0.317813963
0.316320926
0.326862812
0.31662935
0.316917807
0.302241772
0.29481858
0.284632504
0.284416288
0.298896372
0.290895253
0.312921792
0.30676505
0.319195181
0.321897298
0.331921458
0.330775172
0.326644391
0.328336716
0.316408813
0.321675807
0.312605917
0.317894489
0.325417489
0.321953207
0.328472883
0.325206012
0.338783294
0.354288965
0.346709341
0.330773979
0.320118278
0.310091734
0.308443427
0.311673313
0.313939542
0.318007112
0.330713212
0.341906875
0.348183692
0.354943365
0.36463517
0.363974959
0.366633207
0.359668046
0.353775531
0.350407392
0.340043992
0.340397179
0.339551777
0.3368617
0.34779799
0.355385691
0.367119819
0.369370729
0.366897285
0.371324331
0.370580971
0.363541782
0.3485035
0.341480583
0.331937313
0.325952202
0.313271523
0.314879298
0.312468588
0.322898328
0.326722443
0.324886113
0.32547012
0.312331945
0.313548535
0.303879619
0.293916434
0.278856009
0.268807381
0.263174653
0.259867996
0.263822109
0.265916079
0.275470585
0.27867943
0.281727046
0.281722993
0.278749406
0.275256693
0.269629419
0.26564464
0.259881556
0.262508333
0.262901634
0.272751689
0.282221854
0.290596783
0.299595863
0.307871699
0.309738517
0.308300406
0.309455186
0.311956733
0.306185722
0.304464966
0.301189631
0.304790586
0.308777362
0.315246314
0.323346704
0.324537933
0.332859188
0.3326267
0.329594821
0.3250525
0.314772993
0.306019783
0.290264398
0.279998869
0.273258686
0.272676677
0.269402415
0.270617813
0.27292484
0.283810169
0.290388465
0.298453689
0.294909954
0.282390893
0.282883048
0.285789371
0.289985508
0.286597878
0.279815584
0.283952892
0.281163514
0.295650631
0.311978996
0.329777718
0.319157094
0.324985653
0.319649547
0.304464161
0.293880075
0.291594744
0.284742445
0.275840521
0.281650752
0.281133235
0.276903242
0.273935944
0.285702974
0.299873263
0.297211885
0.301185399
0.296036869
0.285767198
0.271419287
0.275326818
0.273975998
0.263635576
0.270166129
0.272305489
0.270123959
0.281376034
0.294196695
0.298522651
0.314232856
0.301223069
0.301764399
0.300947189
0.294719994
0.297697544
0.310645163
0.312558144
0.329788625
0.347827524
0.350830555
0.37008065
0.373411804
0.372812092
0.370770693
0.358595878
0.349991798
0.342996955
0.336935312
0.322341919
0.318730295
0.319763273
0.333170176
0.3290492
0.34318313
0.337076962
0.337421358
0.329545349
0.328617513
0.322535455
0.315246373
0.309505135
0.306395322
0.299759001
0.306101352
0.309694678
0.316402942
0.321280539
0.318432987
0.318947494
0.312567621
0.305102527
0.299786985
0.290905446
0.285499334
0.288017899
0.29227829
0.298691064
0.31138438
0.321189791
0.327675283
0.330964893
0.331397653
0.33025676
0.322368205
0.310170859
0.302659124
0.292941749
0.285709798
0.279770255
0.288424581
0.290396035
0.299182117
0.305318028
0.309444487
0.314950258
0.302481085
0.297116548
0.293285042
0.287819177
0.274021327
0.269603938
0.266580671
0.264690548
0.278529942
0.285972595
0.3115547
0.320741415
0.317807168
0.325985372
0.315962076
0.316089809
0.307669491
0.311268419
0.321451843
0.319351673
0.320778161
0.323931456
0.343078166
0.363561898
0.363349438
0.375488043
0.372066081
0.385204375
0.375296772
0.372212499
0.369426548
0.361946315
0.354740053
0.355312228
0.35904789
0.355520517
0.366349638
0.365475595
0.372103781
0.366082191
0.350050092
0.339528888
0.328990787
0.313126713
0.302446097
0.291907579
0.281676501
0.27301985
0.28640753
0.291071832
0.308352858
0.315946341
0.318950027
0.31852141
0.30713889
0.311042964
0.301793396
0.305665046
0.298483759
0.303305656
0.305525154
0.317850918
0.322432965
0.329567969
0.340335548
0.341964751
0.345328182
0.33670491
0.334559739
0.319942951
0.315392584
0.312698305
0.308302253
0.311299354
0.312924236
0.322291195
0.331255764
0.337520719
0.342051268
0.340006053
0.338911951
0.333618104
0.323822349
0.309603989
0.299109966
0.295230299
0.292988807
0.292919666
0.299697489
0.302241266
0.313785881
0.316159755
0.313676208
0.316463321
0.311484039
0.306329995
0.299276948
0.293864012
0.293301374
0.302125484
0.305448979
0.318827957
0.324743748
0.328358322
0.33415857
0.327493787
0.322179973
0.313423067
0.307177633
0.293079913
0.289617091
0.283437341
0.277402073
0.289364845
0.29456982
0.297672004
0.307785541
0.311739415
0.305637151
0.301927418
0.29561305
0.287278652
0.277225196
0.260855198
0.250072777
0.239596337
0.233627349
0.23631148
0.234570175
0.248119146
0.251116514
0.255060852
0.258615583
0.257746726
0.26140523
0.261628956
0.258300066
0.253629357
0.26535356
0.265454531
0.281907052
0.285449743
0.298534393
0.29959482
0.311139941
0.320159703
0.327217281
0.321297586
0.311299115
0.304716051
0.296147555
0.290721297
0.306895673
0.316001207
0.319882601
0.326630086
0.336559415
0.337631047
0.34800002
0.357097745
0.344154596
0.345300317
0.340394408
0.326156884
0.320397437
0.310226798
0.315594137
0.310072422
0.314006984
0.324808985
0.320945352
0.325407892
0.320347965
0.321044266
0.307278663
0.298829675
0.29254216
0.288296968
0.27805686
0.283891916
0.285263449
0.294359177
0.297057003
0.312466085
0.31742692
0.323728472
0.318669856
0.317351013
0.309195548
0.302091867
0.2979711
0.290721506
0.277502924
0.289628536
0.284570575
0.291879892
0.303658962
0.303186238
0.30856061
0.305208415
0.305631578
0.298329115
0.297775686
0.293251693
0.292363584
0.288775593
0.293825507
0.295410603
0.308787733
0.320660889
0.328419894
0.334432483
0.333658874
0.337319344
0.330816001
0.327765435
0.323116064
0.322734833
0.322141856
0.324972153
0.330918223
0.339391679
0.35281533
0.357723325
0.3685987
0.363629729
0.366242111
0.360816509
0.355444223
0.343205512
0.335604221
0.335376412
0.320378512
0.315692604
0.314365566
0.321282297
0.330628037
0.324150026
0.327067673
0.320442051
0.316076189
0.305882692
0.295963347
0.282470733
0.272121221
0.267183334
0.257086515
0.262179404
0.269691437
0.281250268
0.294885635
0.292271197
0.30030942
0.296118736
0.295393795
0.285423934
0.278538913
0.276553839
0.27293396
0.285996228
0.279099822
0.294989347
0.291889817
0.314381629
0.319717288
0.332271457
0.341780722
0.337111712
0.346307635
0.33577916
0.328024
0.323384374
0.32776016
0.333498389
0.336939812
0.343518078
0.350653499
0.357510805
0.374760419
0.361744612
0.351224422
0.344708323
0.339006007
0.329814792
0.320696473
0.320095271
0.317846924
0.328190714
0.333720982
0.346544504
0.354484856
0.365879625
0.367948622
0.371119648
0.36809051
0.363701016
0.358869731
0.345143646
0.338603675
0.334942967
0.338263929
0.341528058
0.345634997
0.353371084
0.353429258
0.363356978
0.359682173
0.35417372
0.348112315
0.337521553
0.327171803
0.316938609
0.301206678
0.290750474
0.281739742
0.281728864
0.282487482
0.289045155
0.291260898
0.298310548
0.296341717
0.292021304
0.285177499
0.273160368
0.267444909
0.259261966
0.256617337
0.250615299
0.254052997
0.26242879
0.268729866
0.275834143
0.279921383
0.289034456
0.282001704
0.283049315
0.283464074
0.282289773
0.284654856
0.284508944
0.292796135
0.304810792
0.314157456
0.323370159
0.337605476
0.339933217
0.346684933
0.344734967
0.34012717
0.33843565
0.332335263
0.324325919
0.315375715
0.317363262
0.320563972
0.316624999
0.32524091
0.332596332
0.342315346
0.3345128
0.332910836
0.326185733
0.316104054
0.303417236
0.293273568
0.284497082
0.268905014
0.260071963
0.253840894
0.264651269
0.259206712
0.26483357
0.256806135
0.262114137
0.260224283
0.264489323
0.257150263
0.245251179
0.24555777
0.242076159
0.243765786
0.244310722
0.25923115
0.274869382
0.291500181
0.298160225
0.29629755
0.290180415
0.293239594
0.290410906
0.282564431
0.277581334
0.279207259
0.274660975
0.270894051
0.276251256
0.283120573
0.288285226
0.298988253
0.308006763
0.306117445
0.314808041
0.309407264
0.302606314
0.297230572
0.287274927
0.284693807
0.290379375
0.287397176
0.311236024
0.325522304
0.32864818
0.33171013
0.326797575
0.335805178
0.325713575
0.318815261
0.307518452
0.315443903
0.311493129
0.324281067
0.331369191
0.335072458
0.353772581
0.366061866
0.373542309
0.376109779
0.374482006
0.366340399
0.363369346
0.355637163
0.347224593
0.331686646
0.327808797
0.323119611
0.320517182
0.334803522
0.329237342
0.337368757
0.324018776
0.320886731
0.312687516
0.308547735
0.293935627
0.283750713
0.277118564
0.26655066
0.263098449
0.264587134
0.271218717
0.278790057
0.281515181
0.287129045
0.290817618
0.289425284
0.285469323
0.286412627
0.28039062
0.28271991
0.283721268
0.289955348
0.303129375
0.3108522
0.324457109
0.327734321
0.333585978
0.336301714
0.336587936
0.332185835
0.323707849
0.326392889
0.316503942
0.313676357
0.311039031
0.319766015
0.329482079
0.336430907
0.34369424
0.343729943
0.346903354
0.350034118
0.343489885
0.333601624
0.319103718
0.31036219
0.300117552
0.285184443
0.282737285
0.290105343
0.298601449
0.309381992
0.329289347
0.323511451
0.331492424
0.320946634
0.312245786
0.310667515
0.310051769
0.312850118
0.319263935
0.313201547
0.327705294
0.332673252
0.353761852
0.349815071
0.361519754
0.351151079
0.36036852
0.344856709
0.341125816
0.336324096
0.327034593
0.322357208
0.315273523
0.321437657
0.32370171
0.330243558
0.33973524
0.355201125
0.344371349
0.333928436
0.32379669
0.308102876
0.29764691
0.288010985
0.287377715
0.291126519
0.295767248
0.304096222
0.314012408
0.319934338
0.328798681
0.326904863
0.326074541
0.320319802
0.322065741
0.319932908
0.32068485
0.3186391
0.326157659
0.333446205
0.344428986
0.35108009
0.360089451
0.367947042
0.367438763
0.370563775
0.365737885
0.35582912
0.350237459
0.340151638
0.33185339
0.318391353
0.320101559
0.325975627
0.338813931
0.344684631
0.348283052
0.355140418
0.343375862
0.343822241
0.334808439
0.320603341
0.313217044
0.305071056
0.29887858
0.291763753
0.291042715
0.298490286
0.303723752
0.302968979
0.302772105
0.306108415
0.294775158
0.287655443
0.280012578
0.273184896
0.265809804
0.262914628
0.266099542
0.272668183
0.280052066
0.288506627
0.299100757
0.30381912
0.303210616
0.302843243
0.304199815
0.295893997
0.290813982
0.282081306
0.284722328
0.285617322
0.285775989
0.288866639
0.299020648
0.306761086
0.312151343
0.307649165
0.296538472
0.291835129
0.286492527
0.288032323
0.277209014
0.267194986
0.263292789
0.25691703
0.255263299
0.259155065
0.284752369
0.282208383
0.288257807
0.300141513
0.288245112
0.285364866
0.287724137
0.282565296
0.268845856
0.269236624
0.265110046
0.276366562
0.277268142
0.291125089
0.30883491
0.324060827
0.318396926
0.325228274
0.329396278
0.321449965
0.319605261
0.315385908
0.313340068
0.314450562
0.313012928
0.31710875
0.317574292
0.323938429
0.330295652
0.327649623
0.334057212
0.328051597
0.318654239
0.30300647
0.295183063
0.294009984
0.288185298
0.288276762
0.286011279
0.293063045
0.301401883
0.302568048
0.310017586
0.304790616
0.301992178
0.294015318
0.288975716
0.288687319
0.284200549
0.283323944
0.285027504
0.289629728
0.30359304
0.306865931
0.325557202
0.328788251
0.331549972
0.329651415
0.330875337
0.328717351
0.321410596
0.311838537
0.310614288
0.305375725
0.311028481
0.309683114
0.322102904
0.327378213
0.3416529
0.338197649
0.329265147
0.331007898
0.324823856
0.320966721
0.314950049
0.309171855
0.304032922
0.305948436
0.306573361
0.315457135
0.325570375
0.332759708
0.339781523
0.345275491
0.34648931
0.3430112
0.341550082
0.335162163
0.329252422
0.327748656
0.323980212
0.331814051
0.332646191
0.34583962
0.349484444
0.358977258
0.356254816
0.357929826
0.351527125
0.339215845
0.329531699
0.319090903
0.303483397
0.292889476
0.283889055
0.283591866
0.283412039
0.293543339
0.291575193
0.298551887
0.298833072
0.301834345
0.301580906
0.287142783
0.281493157
0.271424234
0.27119267
0.257230461
0.250978142
0.262577742
0.263910174
0.284563571
0.286298394
0.30014953
0.288306534
0.288710773
0.28856644
0.291922599
0.29600355
0.293492317
0.307825327
0.297710985
0.316822737
0.313432127
0.340392321
0.362849742
0.36478138
0.376217097
0.367659986
0.365247011
0.365135759
0.359471798
0.35130319
0.354558468
0.348021507
0.349325687
0.35852775
0.365911812
0.367174029
0.377976686
0.367297888
0.357609808
0.363478869
0.352126211
0.347881466
0.339082479
0.329644591
0.3257882
0.325597972
0.325819671
0.336131006
0.34966737
0.356495649
0.356225044
0.351475894
0.345510215
0.338771611
0.32937935
0.313933492
0.304817706
0.301472247
0.310804904
0.316017061
0.310333073
0.329840124
0.337858528
0.345165133
0.351856411
0.337920845
0.332945049
0.325108886
0.315215439
0.299582332
0.289731979
0.281967491
0.283451408
0.283531576
0.286190778
0.301494777
0.30033344
0.304167926
0.299006313
0.303349614
0.29316628
0.286534458
0.279833108
0.270983279
0.268669665
0.26856938
0.277446896
0.285176545
0.29085201
0.300507873
0.309219837
0.312316805
0.311469197
0.313810766
0.306830406
0.304909497
0.299449891
0.298565894
0.30408892
0.310966492
0.319255203
0.331425935
0.340934902
0.350033343
0.355859399
0.355795115
0.351848274
0.347886264
0.341929615
0.330677778
0.328445345
0.323397249
0.320123076
0.320613056
0.329300106
0.337330967
0.333327502
0.335579664
0.326956183
0.319402874
0.307750672
0.29830876
0.287947237
0.270841062
0.259721965
0.248214602
0.237836301
0.226866886
0.224118635
0.230631843
0.2407002
0.245506763
0.244062513
0.242265001
0.239134401
0.236277878
0.248868212
0.241711602
0.239629239
0.254408121
0.267991453
0.288971215
0.294771224
0.306584954
0.308486342
0.305049717
0.306021154
0.303557307
0.29898718
0.296153367
0.30329895
0.302888095
0.302736253
0.318673968
0.324571997
0.345546752
0.342164308
0.351847172
0.345203251
0.344099045
0.332179248
0.329492003
0.324753642
0.308736831
0.302646339
0.306742013
0.320989192
0.332538754
0.341823608
0.336788207
0.344980806
0.334708333
0.330321014
0.32873854
0.322338015
0.31489706
0.315889865
0.310563624
0.320421189
0.331546515
0.338953435
0.352820575
0.352446944
0.354756504
0.352518946
0.344585031
0.334875703
0.326086581
0.315978467
0.300370276
0.290489107
0.28422913
0.292313665
0.287415802
0.305422336
0.305527836
0.308581114
0.304741889
0.302697539
0.299212366
0.294640124
0.285177886
0.276878238
0.267619491
0.265693128
0.263687074
0.271510899
0.282094687
0.290152729
0.294259787
0.301231951
0.302239031
0.3034347
0.306057394
0.303797185
0.303203732
0.303439528
0.306134999
0.317339748
0.328681409
0.336456537
0.350657672
0.355484068
0.365590036
0.368772775
0.361932039
0.361763656
0.353847355
0.348955452
0.333722979
0.326150715
0.323328346
0.326776445
0.335401386
0.340441912
0.348964393
0.351757199
0.348943323
0.350802928
0.343497545
0.328357548
0.318017125
0.308042407
0.292975456
0.29392311
0.284933239
0.288241923
0.302894771
0.301045805
0.321254373
0.309013128
0.302979916
0.299794257
0.298497647
0.291115642
0.288546443
0.285658658
0.275772989
0.283105731
0.295774579
0.298990548
0.316261739
0.317948937
0.336129785
0.33220619
0.333457917
0.326622576
0.323083013
0.323904097
0.317493379
0.323327452
0.322237879
0.327203453
0.331709117
0.345015347
0.357646942
0.356930137
0.351856709
0.341331482
0.331300139
0.316453069
0.313314587
0.31096366
0.308911085
0.31843093
0.326959252
0.343731999
0.358674824
0.366513491
0.372104019
0.363279581
0.368234992
0.361645341
0.353098601
0.339366645
0.344040573
0.341395915
0.344241977
0.347327769
0.358180642
0.369863302
0.368725181
0.376842558
0.372726202
0.374092251
0.362242997
0.35484761
0.348033756
0.338010669
0.322638124
0.315879464
0.316769421
0.323468357
0.318049312
0.327867478
0.323965877
0.323166072
0.317345351
0.308263987
0.296217024
0.286426187
0.278225362
0.26989007
0.260245293
0.263128638
0.266501725
0.270922363
0.268670529
0.265569776
0.260236919
0.283723354
0.283340245
0.278389692
0.27626586
0.266118914
0.262662441
0.260046899
0.266144663
0.270391047
0.280697554
0.294113517
0.297159731
0.304859906
0.313601702
0.315738648
0.309518993
0.307081729
0.306486607
0.302525997
0.302003711
0.300623178
0.305216372
0.311704606
0.323827237
0.327465206
0.340662569
0.337111652
0.335365295
0.332940936
0.31876412
0.310511529
0.299693823
0.28924942
0.273647487
0.264404804
0.268784642
0.266498566
0.277886927
0.287545562
0.29603076
0.290177703
0.293606341
0.288545549
0.28192842
0.276361257
0.26921916
0.264424264
0.261366725
0.271822363
0.277154893
0.2951276
0.299878746
0.310985833
0.30288738
0.302474648
0.303401053
0.29815942
0.293234944
0.281582922
0.276040882
0.272782892
0.272938132
0.279546589
0.286271185
0.297702879
0.302445561
0.305930346
0.311624587
0.301928252
0.29459095
0.294816703
0.286450028
0.286503404
0.273620546
0.275946319
0.274008036
0.279970288
0.291698962
0.292963237
0.303658158
0.298807055
0.298613071
0.293465912
0.303188682
0.294657171
0.29774195
0.298202544
0.307026625
0.308093429
0.327654034
0.342531741
0.348281801
0.355375558
0.364225924
0.360716164
0.357746243
0.347478747
0.340496421
0.325850189
0.325466096
0.323511392
0.313239843
0.309887648
0.324257821
0.322580606
0.332507014
0.339294314
0.340226531
0.343874604
0.33410126
0.329088569
0.319095671
0.313737452
0.302322
0.301173449
0.297778428
0.304724842
0.308135629
0.315261424
0.320878655
0.323179722
0.320082188
0.317500681
0.313996822
0.304020017
0.297163963
0.29166165
0.286276072
0.288574547
0.296422571
0.302492619
0.315502673
0.320354611
0.328154922
0.330172181
0.321810424
0.317406595
0.310836434
0.29882133
0.294079512
0.28594172
0.281343341
0.288889319
0.286319762
0.299759865
0.304956764
0.309835494
0.311915308
0.311186403
0.30582568
0.295477092
0.291990101
0.283214003
0.270289421
0.265295446
0.268693835
0.265895367
0.273853123
0.277183741
0.286072433
0.290285349
0.300059676
0.294166058
0.290682316
0.286599278
0.284475476
0.282767087
0.277221799
0.292146415
0.29693222
0.320869207
0.326093793
0.342142731
0.342210859
0.352645516
0.347474486
0.350782543
0.341580808
0.3279742
0.326013923
0.327413231
0.320732445
0.314145565
0.325107008
0.323217005
0.337625861
0.33343792
0.339078158
0.336141646
0.332736582
0.323121697
0.314396143
0.307225287
0.291453391
0.280743092
0.271175802
0.262553126
0.26595214
0.276376426
0.285898954
0.291842729
0.284166187
0.285889834
0.277412951
0.274108112
0.267756641
0.259254575
0.265106261
0.268028438
0.272153705
0.279479414
0.297043741
0.303385437
0.31968224
0.310075819
0.311138093
0.307547867
0.307420015
0.297282577
0.288624763
0.283641577
0.28216657
0.287176341
0.299887478
0.31016475
0.31580314
0.323927104
0.325286299
0.330649585
0.320863217
0.3155469
0.306957424
0.299826592
0.28634584
0.285153031
0.284273714
0.291034877
0.297361165
0.302635014
0.314290106
0.315451622
0.31756106
0.315276384
0.307082474
0.302777767
0.29874602
0.296058416
0.296246022
0.296521962
0.301105082
0.310566723
0.318022996
0.326575845
0.331822783
0.327430069
0.323002368
0.313972503
0.305204332
0.289995432
0.279657632
0.272803098
0.267234594
0.277087986
0.280648977
0.289816916
0.302265823
0.301634073
0.298523068
0.296543509
0.285418659
0.275120974
0.265068829
0.255119413
0.239682034
0.229818612
0.233580038
0.233903512
0.244917095
0.250112444
0.262361377
0.255594373
0.25949955
0.27175045
0.261698514
0.268499941
0.260312587
0.263269126
0.260791779
0.274040103
0.286100447
0.302671969
0.327774435
0.323791057
0.329125345
0.334650069
0.330515027
0.337335855
0.329333723
0.32526049
0.322046846
0.326348454
0.322066039
0.331914902
0.342129588
0.349803984
0.356894732
0.362365186
0.360414386
0.354239494
0.339239419
0.330677778
0.331260711
0.319916129
0.31162402
0.316795051
0.311497211
0.305769235
0.305275232
0.311687738
0.326794744
0.318250179
0.316182256
0.308425307
0.293031812
0.291230381
0.28286916
0.272738218
0.268089235
0.281936377
0.276020765
0.289967269
0.304417789
0.30817011
0.324748099
0.31771636
0.314120471
0.305036068
0.299881935
0.285269052
0.283611059
0.27973181
0.272357106
0.280205041
0.292864352
0.298810571
0.299251735
0.303007662
0.306118101
0.310211599
0.297212362
0.297317773
0.29043597
0.289907217
0.287681043
0.289066285
0.295545965
0.307840079
0.313770384
0.327736229
0.336322099
0.342246711
0.341476202
0.342147708
0.334008127
0.328996807
0.327649295
0.322543323
0.322957188
0.331163675
0.33731854
0.355297834
0.362189412
0.367297292
0.363989681
0.363270879
0.357561886
0.351967335
0.343560278
0.330419064
0.326074123
0.3255063
0.322903097
0.332565606
0.330482513
0.336893529
0.332081616
0.333718002
0.324040174
0.316085607
0.301800251
0.293302476
0.284954309
0.269580752
0.259266436
0.262925953
0.26897952
0.263012677
0.2726053
0.275682926
0.286531568
0.271249622
0.271103442
0.269130707
0.254377723
0.248842537
0.246269017
0.248453572
0.252374113
0.26857698
0.280978233
0.296425939
0.303156972
0.314559191
0.319567233
0.322896212
0.315137178
0.314308465
0.311769605
0.29700312
0.295736283
0.298180819
0.310489804
0.317233235
0.332744598
0.336503476
0.346849561
0.343518436
0.353224695
0.343812376
0.336268574
0.332791835
0.322486132
0.314917117
0.31495443
0.314185172
0.314042628
0.331222504
0.329823762
0.339869976
0.335330784
0.337891638
0.333356619
0.335347086
0.325748563
0.322953284
0.319822967
0.309655368
0.300996661
0.306518495
0.301074982
0.32133913
0.331371635
0.330602765
0.3391487
0.327784985
0.319545239
0.30929634
0.301278263
0.288274497
0.279116124
0.270968914
0.267323822
0.268294334
0.275360614
0.286515951
0.285967231
0.292221606
0.288920134
0.282432109
0.276566893
0.268480837
0.260821015
0.255337298
0.251145601
0.252727896
0.260419279
0.265177608
0.274340093
0.28746888
0.290936381
0.294105351
0.292308509
0.293632835
0.290901184
0.287213653
0.286729038
0.28569001
0.298153907
0.303677171
0.31559068
0.330462188
0.340659171
0.348709732
0.346407771
0.344688565
0.341083467
0.333842456
0.327970952
0.312996507
0.310998708
0.307477415
0.31202969
0
0
0.335859776
0.345561415
0.348605841
0.344440281
0.334864885
0.325738966
0.316637099
0.3079153
0.292075366
0.28156665
0.275958896
0.27628696
0.28827101
0.287548572
0.286181778
0.289648503
0.281920373
0.280291259
0.273124307
0.264380038
0.254062891
0.25394401
0.25307253
0.256633133
0.26653555
0.274128646
0.293217987
0.297632843
0.304596156
0.304183424
0.306022465
0.302675605
0.29894197
0.285887271
0.278642297
0.285835832
0.284088969
0.280617654
0.289586991
0.29787612
0.300922871
0.31498459
0.315054685
0.322912186
0.314870834
0.308962882
0.302960813
0.304034412
0.299407125
0.292916536
0.293090433
0.303119659
0.300062358
0.310263455
0.311380655
0.325941682
0.332869589
0.326197386
0.318650991
0.310211807
0.308596939
0.306553692
0.300388277
0.313553214
0.325758278
0.325146019
0.334895104
0.346681446
0.354228199
0.363879085
0.362406671
0.366439849
0.362707883
0.351062924
0.345966071
0.338237703
0.331888497
0.321954995
0.31703642
0.324163735
0.32275176
0.324768335
0.332781643
0.328671545
0.324395537
0.315180331
0.306140751
0.297445208
0.282025516
0.272153109
0.267869532
0.263443202
0.269323021
0.27326861
0.286685348
0.290792316
0.292927593
0.296253473
0.292680562
0.291712612
0.286794335
0.284532785
0.280879647
0.284646541
0.28906554
0.295212328
0.309633851
0.318945348
0.328790843
0.335938424
0.333644211
0.334217787
0.330402642
0.321682662
0.318989038
0.313726336
0.313457102
0.312181592
0.327605963
0.328546762
0.347197443
0.353879571
0.360828578
0.359766215
0.349458992
0.346050918
0.342632204
0.334366381
0.318672508
0.308349609
0.298080683
0.299902529
0.301999718
0.29677701
0.303042233
0.30935815
0.325863153
0.330799401
0.324385405
0.313404351
0.303047448
0.297182649
0.294821292
0.287265152
0.303349227
0.297608614
0.316510469
0.312135547
0.321604908
0.319661975
0.327819377
0.319711298
0.310033411
0.30653432
0.302254915
0.296637028
0.288184613
0.286596775
0.287886024
0.304925203
0.303015113
0.314967036
0.317854822
0.330411255
0.318863928
0.314737111
0.30736354
0.297428399
0.282834023
0.278872371
0.274492353
0.266587883
0.277624786
0.276696235
0.290157944
0.293571264
0.294285923
0.294182807
0.303721279
0.292320013
0.29102841
0.288230062
0.289093584
0.287263721
0.302218884
0.308768839
0.320389628
0.337330133
0.343542635
0.35427931
0.349771112
0.350613534
0.346147656
0.335764855
0.328267515
0.321875393
0.317400724
0.311272323
0.309704244
0.31915763
0.327916414
0.331238389
0.340581983
0.338854492
0.333875239
0.326647967
0.318620414
0.310459584
0.300652295
0.294251502
0.291389912
0.290403455
0.295618623
0.302384973
0.30604887
0.309465915
0.30654031
0.303968906
0.297524452
0.285232961
0.278760791
0.269887954
0.263400793
0.263990015
0.272734404
0.276305079
0.289009571
0.297686428
0.306356132
0.306253403
0.307240516
0.301077813
0.295119584
0.284537256
0.278165936
0.274182379
0.274982154
0.273881197
0.280902982
0.298211217
0.295275748
0.307481259
0.300418347
0.302680612
0.300249577
0.294495523
0.289526045
0.279570341
0.265370339
0.262180716
0.264211565
0.276119381
0.284531355
0.29506743
0.298843712
0.29838261
0.304524004
0.299802274
0.301674813
0.292674571
0.291086614
0.284268022
0.276919663
0.284909755
0.292516679
0.305761784
0.323508173
0.325864106
0.345590413
0.338791072
0.341063499
0.340554148
0.338459879
0.329593867
0.324292213
0.316468656
0.318189293
0.321930677
0.326500088
0.33387208
0.344828963
0.340968281
0.334081173
0.332993925
0.319609106
0.318864375
0.308538467
0.293286979
0.286081523
0.278583497
0.273297101
0.283630431
0.285388827
0.292620897
0.307599694
0.306904614
0.299224228
0.292265832
0.289038092
0.281752259
0.277573198
0.271284163
0.274290562
0.269255042
0.286791354
0.295600444
0.302473783
0.318140775
0.319984227
0.328313708
0.319379121
0.319174796
0.310490638
0.30763334
0.302158862
0.302426219
0.300925732
0.31065011
0.309193283
0.321495682
0.331308573
0.33472684
0.337553293
0.330299467
0.327302426
0.319551021
0.313988417
0.304225504
0.302637696
0.303854853
0.307638586
0.317550957
0.325636268
0.332492411
0.345150441
0.349256217
0.350728273
0.34579891
0.338528007
0.337019265
0.331988126
0.329045564
0.331093669
0.334702909
0.338603795
0.347563386
0.355382413
0.357972085
0.358518362
0.351757944
0.344368964
0.336034596
0.328921705
0.31372416
0.303540081
0.295463413
0.300905734
0.300281793
0.302249074
0.306530774
0.309610963
0.310803562
0.311631322
0.306191385
0.292767793
0.284361631
0.276993513
0.267864347
0.261412561
0.259707958
0.258535802
0.26508072
0.265302628
0.279365093
0.280743033
0.285488337
0.276150554
0.271210104
0.265364915
0.264936417
0.261461467
0.25995329
0.27683723
0.284893155
0.309501678
0.32026574
0.339143306
0.346000046
0.364349961
0.357478946
0.358654648
0.352982134
0.342795163
0.327283382
0.319377124
0.313950658
0.313663185
0.332374841
0.331740141
0.349863052
0.346620411
0.355106205
0.358018935
0.373550624
0.358058482
0.348485172
0.340636045
0.329228461
0.322394937
0.326027542
0.321171016
0.315976828
0.327792525
0.328288823
0.332691401
0.327959657
0.328603894
0.321237952
0.312194645
0.303250194
0.296559751
0.291160464
0.283715278
0.281325072
0.293609798
0.303566813
0.306882322
0.31982398
0.316506028
0.317762256
0.308674246
0.300688356
0.290917844
0.282731473
0.274366319
0.268557429
0.262426764
0.272492021
0.275783807
0.286103725
0.285969079
0.29049018
0.292907447
0.295743734
0.287454128
0.280911028
0.273091257
0.269368052
0.269297302
0.270315617
0.279838622
0.289653063
0.300493628
0.312040746
0.313527256
0.317668557
0.318150997
0.314985782
0.307806879
0.305335015
0.298173249
0.303753853
0.302442074
0.315564096
0.32389608
0.336571515
0.345644027
0.352620006
0.361681491
0.358369768
0.354338735
0.347086847
0.341597319
0.327595264
0.319322944
0.314509273
0.314440668
0.321956515
0.317334592
0.330314726
0.331154794
0.328064889
0.334741205
0.319880486
0.309520513
0.299756825
0.289568126
0.273704737
0.262839079
0.252499133
0.242518783
0.23462908
0.23672612
0.249421552
0.25040555
0.258798331
0.252482444
0.259308606
0.245358855
0.241913483
0.241579518
0.239064038
0.242918268
0.247989789
0.263931572
0.276952952
0.29382813
0.294086516
0.314479113
0.31427896
0.313392997
0.310798228
0.302573532
0.30763194
0.305259496
0.30077517
0.304251224
0.31341356
0.315594286
0.328825176
0.334995091
0.352460593
0.350095987
0.352645874
0.345252097
0.338437349
0.330180317
0.326817989
0.320717931
0.314909995
0.310149431
0.307803303
0.315399736
0.333640784
0.341849893
0.338143319
0.334183246
0.340110242
0.329746127
0.320220321
0.314666331
0.307430506
0.30968827
0.306361645
0.301629603
0.320313364
0.326978713
0.338194102
0.338176668
0.341044843
0.337535977
0.336742014
0.325294554
0.315029263
0.304987431
0.294651061
0.280727476
0.284398049
0.280052215
0.287586868
0.295765489
0.296915323
0.307162195
0.294718742
0.29506132
0.285168141
0.277899772
0.263522178
0.259117424
0.251770616
0.258206606
0.261387378
0.272136927
0.286602676
0.293410659
0.299939603
0.304097414
0.30834347
0.306046337
0.304302156
0.302017272
0.305332035
0.308469653
0.311491907
0.321332276
0.334216624
0.343531072
0.353337646
0.358844399
0.360650539
0.360538065
0.358925551
0.351433456
0.342988312
0.33523348
0.329680204
0.326041073
0.328917593
0.335534424
0.341303855
0.353338838
0.352130502
0.35637024
0.359111726
0.35619399
0.349029452
0.338874698
0.323515683
0.313097388
0.303799808
0.288329482
0.279641747
0.278653681
0.288406968
0.285437524
0.292461991
0.303546458
0.296809107
0.287455142
0.283371478
0.274337173
0.259052455
0.252464145
0.248853579
0.265586525
0.263477832
0.274730951
0.278805286
0.290967435
0.290605158
0.302436978
0.302135408
0.29555279
0.286988199
0.286403298
0.280720681
0.273450613
0.287284106
0.282599449
0.295545459
0.306599468
0.318808794
0.319612116
0.328741789
0.323083162
0.32577616
0.316065967
0.312895179
0.307151973
0.297299981
0.301878929
0.304455876
0.310453147
0.318574697
0.333628953
0.327839762
0.334038228
0.334495336
0.329241335
0.321023494
0.314094663
0.302241951
0.308870703
0.310200363
0.314578146
0.329317033
0.334633827
0.336482048
0.349381238
0.354511917
0.347591221
0.34163478
0.326949179
0.32357502
0.319400281
0.309187949
0.299194157
0.303958595
0.304765552
0.307649136
0.316702843
0.312262714
0.317123562
0.305976868
0.297548056
0.287496209
0.280206501
0.266852021
0.259265363
0.252036691
0.25792405
0.263625681
0.269035697
0.28078714
0.282374263
0.281023651
0.281306595
0.278265387
0.268250883
0.262784719
0.260258257
0.255210727
0.257682115
0.26295945
0.274333268
0.287752032
0.294934541
0.308581322
0.311444134
0.313446671
0.312261343
0.30586499
0.301836669
0.294594586
0.294066668
0.290325195
0.292391658
0.302729666
0.306782424
0.321848541
0.319622546
0.330618918
0.325193763
0.326401711
0.322806507
0.314527094
0.305553108
0.289950222
0.279778689
0.269952059
0.26946637
0.28336966
0.277397305
0.294666201
0.300601691
0.297168642
0.30994454
0.298365593
0.305641085
0.295656413
0.287535369
0.27628383
0.280772001
0.279697835
0.28734377
0.296337128
0.314130038
0.319191366
0.327338934
0.325640321
0.325322926
0.318236649
0.309483349
0.300758541
0.292275369
0.286111832
0.282428026
0.291865915
0.295408577
0.307932526
0.303827733
0.311805695
0.307025969
0.307589531
0.307528138
0.300918788
0.292421758
0.282892555
0.279972136
0.273732871
0.27057296
0.277258575
0.284333587
0.292123556
0.29885748
0.301265329
0.303109378
0.293775737
0.297709912
0.293288648
0.295273036
0.289020061
0.304431319
0.301317334
0.30686447
0.327661246
0.335297227
0.355863988
0.352145702
0.361138344
0.352696806
0.351402968
0.33706969
0.330838412
0.325027257
0.324750751
0.324058115
0.337240577
0.342456639
0.33853814
0.348499835
0.351837009
0.348830163
0.335351229
0.330347747
0.321138591
0.313530862
0.310026944
0.301216841
0.301693529
0.307098746
0.313895494
0.320114911
0.326613367
0.328284472
0.325624019
0.321926415
0.312438339
0.305935174
0.298595041
0.292626739
0.29042992
0.296822518
0.302289456
0.312049359
0.319208324
0.329254061
0.329175264
0.328519821
0.32447511
0.317988068
0.309971154
0.297273308
0.293459237
0.288496852
0.278718203
0.282784283
0.292602897
0.305835336
0.309656262
0.321760714
0.319025099
0.317490488
0.309144348
0.299516201
0.294089526
0.285449445
0.286001503
0.280118585
0.280850112
0.273767412
0.28628093
0.284151703
0.30261755
0.299958199
0.304391652
0.30894959
0.301440239
0.292744219
0.292289823
0.286915153
0.275633276
0.28726542
0.289745361
0.308038056
0.320712686
0.341753632
0.348564178
0.364639223
0.356044501
0.363960713
0.354003161
0.339810103
0.333083898
0.324956
0.322886407
0.324786186
0.326429516
0.327499032
0.339893669
0.338079751
0.350201875
0.350324184
0.350689888
0.341370046
0.332478464
0.319904327
0.309120834
0.298893929
0.288657457
0.286369741
0.282480001
0.281477273
0.289229602
0.29259637
0.29437393
0.301767856
0.290827453
0.287676036
0.279265076
0.26992029
0.262450814
0.274855226
0.278862655
0.28611955
0.300473601
0.308360726
0.32362175
0.317563951
0.318199039
0.314805686
0.31707567
0.30339548
0.299094588
0.29327625
0.29680717
0.297240943
0.30877018
0.318517596
0.323036134
0.332359821
0.338306814
0.339971215
0.326692343
0.32205373
0.317851126
0.305183351
0.299797297
0.2938869
0.293840528
0.301071793
0.290569812
0.284550369
0.312462687
0.3194125
0.321851194
0.323108077
0.317743987
0.31292966
0.309007853
0.303300917
0.302226007
0.305427194
0.305888146
0.316542149
0.320643842
0.327533424
0.332457662
0.335304826
0.331131548
0.325950265
0.319558144
0.307015002
0.297264606
0.287090003
0.275436938
0.270959646
0.279654771
0.281891376
0.289986342
0.300806165
0.296804011
0.297258586
0.294952273
0.285599709
0.276065618
0.261312783
0.252512068
0.242269576
0.233760551
0.227105886
0.227067485
0.23597838
0.246890709
0.243102387
0.255411595
0.257191718
0.263893008
0.269632578
0.268608719
0.270044535
0.263745338
0.269711077
0.274918258
0.29038626
0.291949242
0.309689641
0.313906044
0.323548496
0.333889544
0.331023484
0.336599946
0.327610463
0.320419818
0.31377849
0.312344611
0.318145841
0.327275842
0.320540667
0.343835413
0.34865731
0.357115775
0.355508268
0.364972472
0.357491314
0.347898811
0.34221521
0.339111954
0.338247985
0.334587157
0.321027547
0.322568208
0.317278206
0.331588298
0.32965821
0.334560066
0.329246968
0.322766721
0.316290945
0.309666067
0.302356422
0.28666696
0.278716296
0.276618421
0.275291562
0.282334924
0.292131275
0.299187928
0.312630564
0.315646917
0.314115733
0.313912332
0.306267709
0.295989245
0.289861202
0.281395406
0.276560277
0.279506445
0.280870795
0.28219077
0.296348006
0.299275964
0.305002421
0.300569624
0.304561973
0.298357576
0.295363337
0.287740111
0.284002483
0.282287359
0.291059285
0.296359777
0.305717051
0.320974022
0.331023127
0.337154418
0.346217483
0.347289503
0.344932109
0.341399789
0.334401995
0.334372312
0.33587423
0.335673422
0.342530191
0.346402407
0.3559874
0.366768599
0.373169899
0.37406376
0.369146585
0.364250422
0.358631164
0.350519389
0.340420455
0.327361166
0.326454043
0.325102806
0.328353494
0.334942698
0.336583555
0.339449614
0.336016476
0.331547916
0.326571435
0.317412257
0.303674728
0.293531686
0.283261657
0.267721653
0.257868737
0.256390899
0.264704973
0.262397587
0.26453349
0.267703384
0.280919373
0.275035709
0.264983326
0.260500461
0.252223432
0.243765116
0.249475151
0.250297189
0.257968247
0.267983407
0.284799546
0.293694049
0.309652269
0.310843378
0.318832397
0.313232541
0.314326167
0.310998976
0.303484738
0.314000726
0.311603338
0.309747905
0.310345083
0.326593012
0.328742206
0.343957365
0.348124444
0.348246038
0.347193033
0.344614565
0.332784534
0.330581546
0.320690662
0.312351167
0.317132652
0.319877028
0.33037436
0.333643585
0.345870584
0.342161834
0.3504076
0.34514755
0.342869014
0.335594475
0.327412665
0.323474973
0.32154572
0.320378274
0.316478193
0.327575773
0.334498167
0.342087805
0.344282776
0.341344208
0.338404268
0.32466346
0.315866679
0.306169063
0.29658705
0.284820765
0.276493222
0.270818114
0.271687061
0.272947103
0.280823231
0.289406806
0.286200285
0.281014889
0.280145347
0.273095816
0.264479995
0.258200586
0.253489524
0.248975992
0.251317978
0.256743878
0.267778605
0.277888268
0.283872873
0.288420767
0.294285327
0.289015174
0.288390696
0.287750512
0.283279419
0.283097684
0.289689004
0.291167229
0.305200487
0.3148987
0.326811582
0.338767618
0.347266644
0.351480335
0.34872365
0.340320736
0.335980982
0.327525944
0.319498837
0.31009692
0.308473676
0.307585627
0.31237334
0.327569395
0.325790316
0.342049807
0.335055858
0.335384637
0.326788038
0.319259018
0.306767821
0.296396792
0.287814379
0.274055988
0.267033547
0.269061089
0.271531463
0.276647955
0.283188522
0.277223736
0.276055068
0.269355506
0.26083523
0.257684499
0.247847438
0.24012275
0.243627325
0.25047949
0.268076003
0.273688138
0.295091778
0.293691158
0.302255303
0.294720829
0.29617694
0.292885691
0.288447946
0.283556134
0.279232621
0.274163187
0.276453137
0.280985057
0.284044236
0.301072001
0.301239133
0.315165639
0.314436823
0.315167278
0.309858054
0.309075624
0.300602317
0.290969461
0.289919883
0.289054483
0.294136107
0.295330495
0.308071345
0.318465114
0.322650701
0.322354227
0.309383035
0.312674761
0.307482779
0.301836252
0.28801167
0.288604945
0.291888744
0.298146874
0.31076622
0.327045619
0.332826436
0.350561202
0.34452951
0.352199227
0.344260633
0.333506614
0.32323581
0.315359414
0.305184394
0.299851269
0.297774315
0.291451395
0.294767708
0.300378054
0.290330321
0.284347206
0.288463473
0.282482535
0.273109704
0.257184982
0.246257558
0.235516265
0.224639177
0.208213389
0.197214156
0.186383888
0.175431952